4.096666666666666856e+01
4.029999999999999716e+01
3.973333333333333428e+01
3.936666666666666714e+01
3.913333333333333286e+01
3.876666666666666572e+01
3.853333333333333144e+01
3.813333333333333286e+01
3.773333333333333428e+01
3.733333333333333570e+01
3.683333333333333570e+01
3.656666666666666998e+01
3.613333333333333286e+01
3.566666666666666430e+01
3.533333333333333570e+01
3.510000000000000142e+01
3.479999999999999716e+01
3.443333333333333002e+01
3.433333333333333570e+01
3.429999999999999716e+01
3.413333333333333286e+01
3.373333333333333428e+01
3.356666666666666998e+01
3.329999999999999716e+01
3.300000000000000000e+01
3.270000000000000284e+01
3.260000000000000142e+01
3.246666666666666856e+01
3.236666666666666714e+01
3.220000000000000284e+01
3.206666666666666998e+01
3.169999999999999929e+01
3.156666666666666643e+01
3.146666666666666501e+01
3.126666666666666572e+01
3.103333333333333499e+01
3.076666666666666572e+01
3.053333333333333499e+01
3.013333333333333286e+01
3.006666666666666643e+01
3.003333333333333499e+01
2.996666666666666501e+01
2.976666666666666572e+01
2.973333333333333428e+01
2.969999999999999929e+01
2.963333333333333286e+01
2.936666666666666714e+01
2.916666666666666785e+01
2.913333333333333286e+01
2.910000000000000142e+01
2.910000000000000142e+01
2.903333333333333499e+01
2.900000000000000000e+01
2.889999999999999858e+01
2.869999999999999929e+01
2.866666666666666785e+01
2.863333333333333286e+01
2.850000000000000000e+01
2.846666666666666501e+01
2.839999999999999858e+01
2.833333333333333215e+01
2.830000000000000071e+01
2.813333333333333286e+01
2.810000000000000142e+01
2.806666666666666643e+01
2.796666666666666501e+01
2.776666666666666572e+01
2.773333333333333428e+01
2.769999999999999929e+01
2.766666666666666785e+01
2.763333333333333286e+01
2.753333333333333499e+01
2.750000000000000000e+01
2.736666666666666714e+01
2.726666666666666572e+01
2.726666666666666572e+01
2.726666666666666572e+01
2.726666666666666572e+01
2.723333333333333428e+01
2.713333333333333286e+01
2.706666666666666643e+01
2.706666666666666643e+01
2.706666666666666643e+01
2.700000000000000000e+01
2.700000000000000000e+01
2.693333333333333357e+01
2.686666666666666714e+01
2.683333333333333215e+01
2.673333333333333428e+01
2.673333333333333428e+01
2.666666666666666785e+01
2.653333333333333499e+01
2.646666666666666501e+01
2.636666666666666714e+01
2.636666666666666714e+01
2.633333333333333215e+01
2.633333333333333215e+01
2.633333333333333215e+01
2.633333333333333215e+01
2.630000000000000071e+01
2.630000000000000071e+01
2.630000000000000071e+01
2.630000000000000071e+01
2.630000000000000071e+01
2.619999999999999929e+01
2.616666666666666785e+01
2.613333333333333286e+01
2.613333333333333286e+01
2.606666666666666643e+01
2.603333333333333499e+01
2.596666666666666501e+01
2.593333333333333357e+01
2.593333333333333357e+01
2.589999999999999858e+01
2.580000000000000071e+01
2.573333333333333428e+01
2.573333333333333428e+01
2.569999999999999929e+01
2.569999999999999929e+01
2.566666666666666785e+01
2.563333333333333286e+01
2.553333333333333499e+01
2.553333333333333499e+01
2.546666666666666501e+01
2.546666666666666501e+01
2.543333333333333357e+01
2.536666666666666714e+01
2.533333333333333215e+01
2.530000000000000071e+01
2.523333333333333428e+01
2.519999999999999929e+01
2.516666666666666785e+01
2.513333333333333286e+01
2.510000000000000142e+01
2.510000000000000142e+01
2.506666666666666643e+01
2.503333333333333499e+01
2.500000000000000000e+01
2.500000000000000000e+01
2.496666666666666501e+01
2.496666666666666501e+01
2.496666666666666501e+01
2.496666666666666501e+01
2.493333333333333357e+01
2.489999999999999858e+01
2.489999999999999858e+01
2.489999999999999858e+01
2.489999999999999858e+01
2.483333333333333215e+01
2.483333333333333215e+01
2.483333333333333215e+01
2.483333333333333215e+01
2.480000000000000071e+01
2.480000000000000071e+01
2.476666666666666572e+01
2.469999999999999929e+01
2.469999999999999929e+01
2.466666666666666785e+01
2.463333333333333286e+01
2.463333333333333286e+01
2.460000000000000142e+01
2.456666666666666643e+01
2.453333333333333499e+01
2.443333333333333357e+01
2.436666666666666714e+01
2.436666666666666714e+01
2.433333333333333215e+01
2.433333333333333215e+01
2.430000000000000071e+01
2.426666666666666572e+01
2.423333333333333428e+01
2.423333333333333428e+01
2.419999999999999929e+01
2.413333333333333286e+01
2.406666666666666643e+01
2.406666666666666643e+01
2.406666666666666643e+01
2.406666666666666643e+01
2.400000000000000000e+01
2.400000000000000000e+01
2.400000000000000000e+01
2.393333333333333357e+01
2.393333333333333357e+01
2.383333333333333215e+01
2.380000000000000071e+01
2.380000000000000071e+01
2.376666666666666572e+01
2.376666666666666572e+01
2.376666666666666572e+01
2.376666666666666572e+01
2.376666666666666572e+01
2.376666666666666572e+01
2.376666666666666572e+01
2.376666666666666572e+01
2.376666666666666572e+01
2.376666666666666572e+01
2.373333333333333428e+01
2.373333333333333428e+01
2.373333333333333428e+01
2.373333333333333428e+01
2.373333333333333428e+01
2.373333333333333428e+01
2.373333333333333428e+01
2.373333333333333428e+01
2.366666666666666785e+01
2.366666666666666785e+01
2.366666666666666785e+01
2.366666666666666785e+01
2.366666666666666785e+01
2.360000000000000142e+01
2.360000000000000142e+01
2.360000000000000142e+01
2.360000000000000142e+01
2.360000000000000142e+01
2.360000000000000142e+01
2.353333333333333499e+01
2.353333333333333499e+01
2.353333333333333499e+01
2.353333333333333499e+01
2.353333333333333499e+01
2.353333333333333499e+01
2.353333333333333499e+01
2.353333333333333499e+01
2.353333333333333499e+01
2.353333333333333499e+01
2.350000000000000000e+01
2.346666666666666501e+01
2.343333333333333357e+01
2.343333333333333357e+01
2.339999999999999858e+01
2.333333333333333215e+01
2.333333333333333215e+01
2.333333333333333215e+01
2.333333333333333215e+01
2.333333333333333215e+01
2.333333333333333215e+01
2.333333333333333215e+01
2.333333333333333215e+01
2.333333333333333215e+01
2.333333333333333215e+01
2.333333333333333215e+01
2.333333333333333215e+01
2.333333333333333215e+01
2.333333333333333215e+01
2.333333333333333215e+01
2.333333333333333215e+01
2.333333333333333215e+01
2.333333333333333215e+01
2.333333333333333215e+01
2.333333333333333215e+01
2.330000000000000071e+01
2.323333333333333428e+01
2.323333333333333428e+01
2.323333333333333428e+01
2.323333333333333428e+01
2.323333333333333428e+01
2.319999999999999929e+01
2.319999999999999929e+01
2.319999999999999929e+01
2.319999999999999929e+01
2.319999999999999929e+01
2.316666666666666785e+01
2.313333333333333286e+01
2.306666666666666643e+01
2.306666666666666643e+01
2.303333333333333499e+01
2.303333333333333499e+01
2.300000000000000000e+01
2.300000000000000000e+01
2.296666666666666501e+01
2.296666666666666501e+01
2.296666666666666501e+01
2.296666666666666501e+01
2.296666666666666501e+01
2.293333333333333357e+01
2.283333333333333215e+01
2.283333333333333215e+01
2.283333333333333215e+01
2.280000000000000071e+01
2.280000000000000071e+01
2.280000000000000071e+01
2.280000000000000071e+01
2.280000000000000071e+01
2.280000000000000071e+01
2.280000000000000071e+01
2.280000000000000071e+01
2.276666666666666572e+01
2.276666666666666572e+01
2.276666666666666572e+01
2.276666666666666572e+01
2.276666666666666572e+01
2.276666666666666572e+01
2.276666666666666572e+01
2.276666666666666572e+01
2.276666666666666572e+01
2.276666666666666572e+01
2.266666666666666785e+01
2.263333333333333286e+01
2.260000000000000142e+01
2.260000000000000142e+01
2.253333333333333499e+01
2.253333333333333499e+01
2.253333333333333499e+01
2.253333333333333499e+01
2.253333333333333499e+01
2.253333333333333499e+01
2.253333333333333499e+01
2.253333333333333499e+01
2.253333333333333499e+01
2.253333333333333499e+01
2.250000000000000000e+01
2.250000000000000000e+01
2.250000000000000000e+01
2.250000000000000000e+01
2.250000000000000000e+01
2.239999999999999858e+01
2.239999999999999858e+01
2.236666666666666714e+01
2.236666666666666714e+01
2.236666666666666714e+01
2.236666666666666714e+01
2.236666666666666714e+01
2.236666666666666714e+01
2.236666666666666714e+01
2.236666666666666714e+01
2.236666666666666714e+01
2.236666666666666714e+01
2.236666666666666714e+01
2.236666666666666714e+01
2.236666666666666714e+01
2.236666666666666714e+01
2.236666666666666714e+01
2.236666666666666714e+01
2.233333333333333215e+01
2.233333333333333215e+01
2.233333333333333215e+01
2.233333333333333215e+01
2.233333333333333215e+01
2.233333333333333215e+01
2.233333333333333215e+01
2.230000000000000071e+01
2.226666666666666572e+01
2.226666666666666572e+01
2.226666666666666572e+01
2.223333333333333428e+01
2.223333333333333428e+01
2.216666666666666785e+01
2.216666666666666785e+01
2.216666666666666785e+01
2.216666666666666785e+01
2.216666666666666785e+01
2.216666666666666785e+01
2.216666666666666785e+01
2.216666666666666785e+01
2.216666666666666785e+01
2.216666666666666785e+01
2.216666666666666785e+01
2.216666666666666785e+01
2.216666666666666785e+01
2.216666666666666785e+01
2.216666666666666785e+01
2.213333333333333286e+01
2.213333333333333286e+01
2.210000000000000142e+01
2.203333333333333499e+01
2.203333333333333499e+01
2.203333333333333499e+01
2.203333333333333499e+01
2.203333333333333499e+01
2.196666666666666501e+01
2.196666666666666501e+01
2.196666666666666501e+01
2.196666666666666501e+01
2.193333333333333357e+01
2.193333333333333357e+01
2.193333333333333357e+01
2.193333333333333357e+01
2.193333333333333357e+01
2.193333333333333357e+01
2.193333333333333357e+01
2.193333333333333357e+01
2.193333333333333357e+01
2.183333333333333215e+01
2.183333333333333215e+01
2.180000000000000071e+01
2.180000000000000071e+01
2.176666666666666572e+01
2.176666666666666572e+01
2.176666666666666572e+01
2.176666666666666572e+01
2.173333333333333428e+01
2.166666666666666785e+01
2.166666666666666785e+01
2.166666666666666785e+01
2.166666666666666785e+01
2.163333333333333286e+01
2.163333333333333286e+01
2.163333333333333286e+01
2.163333333333333286e+01
2.163333333333333286e+01
2.163333333333333286e+01
2.163333333333333286e+01
2.163333333333333286e+01
2.163333333333333286e+01
2.163333333333333286e+01
2.163333333333333286e+01
2.163333333333333286e+01
2.163333333333333286e+01
2.163333333333333286e+01
2.163333333333333286e+01
2.163333333333333286e+01
2.156666666666666643e+01
2.156666666666666643e+01
2.153333333333333499e+01
2.153333333333333499e+01
2.153333333333333499e+01
2.153333333333333499e+01
2.153333333333333499e+01
2.153333333333333499e+01
2.153333333333333499e+01
2.153333333333333499e+01
2.153333333333333499e+01
2.153333333333333499e+01
2.153333333333333499e+01
2.153333333333333499e+01
2.153333333333333499e+01
2.153333333333333499e+01
2.153333333333333499e+01
2.146666666666666501e+01
2.146666666666666501e+01
2.146666666666666501e+01
2.146666666666666501e+01
2.146666666666666501e+01
2.143333333333333357e+01
2.143333333333333357e+01
2.139999999999999858e+01
2.139999999999999858e+01
2.133333333333333215e+01
2.133333333333333215e+01
2.130000000000000071e+01
2.130000000000000071e+01
2.130000000000000071e+01
2.130000000000000071e+01
2.130000000000000071e+01
2.126666666666666572e+01
2.126666666666666572e+01
2.119999999999999929e+01
2.119999999999999929e+01
2.113333333333333286e+01
2.110000000000000142e+01
2.110000000000000142e+01
2.110000000000000142e+01
2.110000000000000142e+01
2.110000000000000142e+01
2.106666666666666643e+01
2.106666666666666643e+01
2.106666666666666643e+01
2.106666666666666643e+01
2.106666666666666643e+01
2.106666666666666643e+01
2.106666666666666643e+01
2.106666666666666643e+01
2.106666666666666643e+01
2.106666666666666643e+01
2.106666666666666643e+01
2.106666666666666643e+01
2.106666666666666643e+01
2.106666666666666643e+01
2.106666666666666643e+01
2.106666666666666643e+01
2.106666666666666643e+01
2.106666666666666643e+01
2.106666666666666643e+01
2.106666666666666643e+01
2.106666666666666643e+01
2.106666666666666643e+01
2.100000000000000000e+01
2.100000000000000000e+01
2.100000000000000000e+01
2.100000000000000000e+01
2.100000000000000000e+01
2.096666666666666501e+01
2.096666666666666501e+01
2.096666666666666501e+01
2.096666666666666501e+01
2.093333333333333357e+01
2.093333333333333357e+01
2.093333333333333357e+01
2.089999999999999858e+01
2.089999999999999858e+01
2.089999999999999858e+01
2.083333333333333215e+01
2.083333333333333215e+01
2.083333333333333215e+01
2.083333333333333215e+01
2.083333333333333215e+01
2.083333333333333215e+01
2.083333333333333215e+01
2.080000000000000071e+01
2.080000000000000071e+01
2.080000000000000071e+01
2.080000000000000071e+01
2.080000000000000071e+01
2.080000000000000071e+01
2.080000000000000071e+01
2.080000000000000071e+01
2.076666666666666572e+01
2.076666666666666572e+01
2.076666666666666572e+01
2.076666666666666572e+01
2.076666666666666572e+01
2.076666666666666572e+01
2.073333333333333428e+01
2.073333333333333428e+01
2.073333333333333428e+01
2.073333333333333428e+01
2.073333333333333428e+01
2.073333333333333428e+01
2.073333333333333428e+01
2.073333333333333428e+01
2.073333333333333428e+01
2.073333333333333428e+01
2.073333333333333428e+01
2.073333333333333428e+01
2.073333333333333428e+01
2.073333333333333428e+01
2.073333333333333428e+01
2.073333333333333428e+01
2.073333333333333428e+01
2.073333333333333428e+01
2.073333333333333428e+01
2.073333333333333428e+01
2.073333333333333428e+01
2.069999999999999929e+01
2.069999999999999929e+01
2.069999999999999929e+01
2.066666666666666785e+01
2.066666666666666785e+01
2.066666666666666785e+01
2.066666666666666785e+01
2.066666666666666785e+01
2.066666666666666785e+01
2.066666666666666785e+01
2.066666666666666785e+01
2.066666666666666785e+01
2.066666666666666785e+01
2.066666666666666785e+01
2.066666666666666785e+01
2.066666666666666785e+01
2.066666666666666785e+01
2.066666666666666785e+01
2.066666666666666785e+01
2.060000000000000142e+01
2.060000000000000142e+01
2.060000000000000142e+01
2.060000000000000142e+01
2.060000000000000142e+01
2.056666666666666643e+01
2.056666666666666643e+01
2.050000000000000000e+01
2.050000000000000000e+01
2.050000000000000000e+01
2.050000000000000000e+01
2.050000000000000000e+01
2.050000000000000000e+01
2.050000000000000000e+01
2.050000000000000000e+01
2.050000000000000000e+01
2.050000000000000000e+01
2.050000000000000000e+01
2.050000000000000000e+01
2.050000000000000000e+01
2.050000000000000000e+01
2.050000000000000000e+01
2.050000000000000000e+01
2.046666666666666501e+01
2.046666666666666501e+01
2.046666666666666501e+01
2.046666666666666501e+01
2.046666666666666501e+01
2.046666666666666501e+01
2.046666666666666501e+01
2.046666666666666501e+01
2.046666666666666501e+01
2.046666666666666501e+01
2.046666666666666501e+01
2.046666666666666501e+01
2.046666666666666501e+01
2.046666666666666501e+01
2.039999999999999858e+01
2.036666666666666714e+01
2.036666666666666714e+01
2.036666666666666714e+01
2.036666666666666714e+01
2.036666666666666714e+01
2.036666666666666714e+01
2.036666666666666714e+01
2.036666666666666714e+01
2.036666666666666714e+01
2.036666666666666714e+01
2.033333333333333215e+01
2.033333333333333215e+01
2.033333333333333215e+01
2.033333333333333215e+01
2.033333333333333215e+01
2.033333333333333215e+01
2.033333333333333215e+01
2.033333333333333215e+01
2.033333333333333215e+01
2.030000000000000071e+01
2.030000000000000071e+01
2.030000000000000071e+01
2.030000000000000071e+01
2.030000000000000071e+01
2.030000000000000071e+01
2.030000000000000071e+01
2.026666666666666572e+01
2.026666666666666572e+01
2.026666666666666572e+01
2.026666666666666572e+01
2.023333333333333428e+01
2.023333333333333428e+01
2.019999999999999929e+01
2.019999999999999929e+01
2.019999999999999929e+01
2.019999999999999929e+01
2.019999999999999929e+01
2.019999999999999929e+01
2.019999999999999929e+01
2.019999999999999929e+01
2.019999999999999929e+01
2.019999999999999929e+01
2.019999999999999929e+01
2.019999999999999929e+01
2.019999999999999929e+01
2.019999999999999929e+01
2.019999999999999929e+01
2.019999999999999929e+01
2.016666666666666785e+01
2.013333333333333286e+01
2.013333333333333286e+01
2.013333333333333286e+01
2.013333333333333286e+01
2.013333333333333286e+01
2.013333333333333286e+01
2.013333333333333286e+01
2.006666666666666643e+01
2.006666666666666643e+01
2.006666666666666643e+01
2.006666666666666643e+01
2.006666666666666643e+01
2.006666666666666643e+01
2.006666666666666643e+01
2.006666666666666643e+01
2.006666666666666643e+01
2.006666666666666643e+01
2.006666666666666643e+01
2.006666666666666643e+01
2.006666666666666643e+01
2.006666666666666643e+01
2.006666666666666643e+01
2.006666666666666643e+01
2.006666666666666643e+01
2.006666666666666643e+01
2.006666666666666643e+01
2.006666666666666643e+01
2.006666666666666643e+01
2.006666666666666643e+01
2.006666666666666643e+01
2.006666666666666643e+01
2.006666666666666643e+01
2.006666666666666643e+01
2.006666666666666643e+01
2.003333333333333499e+01
2.003333333333333499e+01
2.003333333333333499e+01
2.003333333333333499e+01
2.003333333333333499e+01
2.003333333333333499e+01
2.003333333333333499e+01
2.003333333333333499e+01
2.003333333333333499e+01
2.003333333333333499e+01
2.003333333333333499e+01
2.003333333333333499e+01
2.003333333333333499e+01
2.003333333333333499e+01
2.003333333333333499e+01
2.003333333333333499e+01
2.000000000000000000e+01
2.000000000000000000e+01
2.000000000000000000e+01
2.000000000000000000e+01
2.000000000000000000e+01
2.000000000000000000e+01
1.996666666666666501e+01
1.996666666666666501e+01
1.996666666666666501e+01
1.993333333333333357e+01
1.993333333333333357e+01
1.989999999999999858e+01
1.989999999999999858e+01
1.989999999999999858e+01
1.989999999999999858e+01
1.989999999999999858e+01
1.989999999999999858e+01
1.989999999999999858e+01
1.989999999999999858e+01
1.989999999999999858e+01
1.989999999999999858e+01
1.989999999999999858e+01
1.989999999999999858e+01
1.989999999999999858e+01
1.989999999999999858e+01
1.989999999999999858e+01
1.986666666666666714e+01
1.986666666666666714e+01
1.986666666666666714e+01
1.986666666666666714e+01
1.986666666666666714e+01
1.986666666666666714e+01
1.980000000000000071e+01
1.980000000000000071e+01
1.980000000000000071e+01
1.980000000000000071e+01
1.980000000000000071e+01
1.980000000000000071e+01
1.980000000000000071e+01
1.976666666666666572e+01
1.976666666666666572e+01
1.976666666666666572e+01
1.976666666666666572e+01
1.976666666666666572e+01
1.976666666666666572e+01
1.976666666666666572e+01
1.976666666666666572e+01
1.976666666666666572e+01
1.976666666666666572e+01
1.976666666666666572e+01
1.976666666666666572e+01
1.976666666666666572e+01
1.976666666666666572e+01
1.973333333333333428e+01
1.973333333333333428e+01
1.973333333333333428e+01
1.973333333333333428e+01
1.973333333333333428e+01
1.973333333333333428e+01
1.973333333333333428e+01
1.973333333333333428e+01
1.973333333333333428e+01
1.973333333333333428e+01
1.973333333333333428e+01
1.973333333333333428e+01
1.973333333333333428e+01
1.973333333333333428e+01
1.973333333333333428e+01
1.973333333333333428e+01
1.973333333333333428e+01
1.973333333333333428e+01
1.973333333333333428e+01
1.973333333333333428e+01
1.973333333333333428e+01
1.973333333333333428e+01
1.973333333333333428e+01
1.973333333333333428e+01
1.973333333333333428e+01
1.973333333333333428e+01
1.973333333333333428e+01
1.973333333333333428e+01
1.969999999999999929e+01
1.969999999999999929e+01
1.963333333333333286e+01
1.963333333333333286e+01
1.963333333333333286e+01
1.963333333333333286e+01
1.963333333333333286e+01
1.963333333333333286e+01
1.963333333333333286e+01
1.963333333333333286e+01
1.963333333333333286e+01
1.963333333333333286e+01
1.963333333333333286e+01
1.963333333333333286e+01
1.963333333333333286e+01
1.963333333333333286e+01
1.963333333333333286e+01
1.963333333333333286e+01
1.963333333333333286e+01
1.963333333333333286e+01
1.963333333333333286e+01
1.960000000000000142e+01
1.960000000000000142e+01
1.960000000000000142e+01
1.960000000000000142e+01
1.960000000000000142e+01
1.960000000000000142e+01
1.960000000000000142e+01
1.960000000000000142e+01
1.960000000000000142e+01
1.960000000000000142e+01
1.956666666666666643e+01
1.956666666666666643e+01
1.956666666666666643e+01
1.956666666666666643e+01
1.956666666666666643e+01
1.956666666666666643e+01
1.956666666666666643e+01
1.953333333333333499e+01
1.953333333333333499e+01
1.953333333333333499e+01
1.950000000000000000e+01
1.950000000000000000e+01
1.950000000000000000e+01
1.950000000000000000e+01
1.950000000000000000e+01
1.950000000000000000e+01
1.950000000000000000e+01
1.946666666666666501e+01
1.946666666666666501e+01
1.946666666666666501e+01
1.946666666666666501e+01
1.946666666666666501e+01
1.943333333333333357e+01
1.943333333333333357e+01
1.943333333333333357e+01
1.943333333333333357e+01
1.943333333333333357e+01
1.943333333333333357e+01
1.943333333333333357e+01
1.943333333333333357e+01
1.943333333333333357e+01
1.943333333333333357e+01
1.943333333333333357e+01
1.943333333333333357e+01
1.943333333333333357e+01
1.943333333333333357e+01
1.943333333333333357e+01
1.939999999999999858e+01
1.939999999999999858e+01
1.939999999999999858e+01
1.939999999999999858e+01
1.939999999999999858e+01
1.939999999999999858e+01
1.939999999999999858e+01
1.939999999999999858e+01
1.939999999999999858e+01
1.939999999999999858e+01
1.939999999999999858e+01
1.939999999999999858e+01
1.939999999999999858e+01
1.939999999999999858e+01
1.939999999999999858e+01
1.936666666666666714e+01
1.936666666666666714e+01
1.936666666666666714e+01
1.936666666666666714e+01
1.936666666666666714e+01
1.936666666666666714e+01
1.936666666666666714e+01
1.936666666666666714e+01
1.936666666666666714e+01
1.933333333333333215e+01
1.933333333333333215e+01
1.930000000000000071e+01
1.930000000000000071e+01
1.930000000000000071e+01
1.930000000000000071e+01
1.930000000000000071e+01
1.930000000000000071e+01
1.930000000000000071e+01
1.930000000000000071e+01
1.930000000000000071e+01
1.930000000000000071e+01
1.930000000000000071e+01
1.930000000000000071e+01
1.930000000000000071e+01
1.930000000000000071e+01
1.930000000000000071e+01
1.930000000000000071e+01
1.926666666666666572e+01
1.926666666666666572e+01
1.926666666666666572e+01
1.926666666666666572e+01
1.926666666666666572e+01
1.926666666666666572e+01
1.926666666666666572e+01
1.926666666666666572e+01
1.926666666666666572e+01
1.926666666666666572e+01
1.926666666666666572e+01
1.926666666666666572e+01
1.926666666666666572e+01
1.926666666666666572e+01
1.926666666666666572e+01
1.926666666666666572e+01
1.926666666666666572e+01
1.926666666666666572e+01
1.926666666666666572e+01
1.926666666666666572e+01
1.926666666666666572e+01
1.926666666666666572e+01
1.926666666666666572e+01
1.926666666666666572e+01
1.926666666666666572e+01
1.926666666666666572e+01
1.926666666666666572e+01
1.926666666666666572e+01
1.926666666666666572e+01
1.926666666666666572e+01
1.926666666666666572e+01
1.926666666666666572e+01
1.926666666666666572e+01
1.926666666666666572e+01
1.926666666666666572e+01
1.926666666666666572e+01
1.926666666666666572e+01
1.926666666666666572e+01
1.926666666666666572e+01
1.926666666666666572e+01
1.926666666666666572e+01
1.926666666666666572e+01
1.926666666666666572e+01
1.926666666666666572e+01
1.926666666666666572e+01
1.926666666666666572e+01
1.926666666666666572e+01
1.926666666666666572e+01
1.926666666666666572e+01
1.926666666666666572e+01
1.926666666666666572e+01
1.926666666666666572e+01
1.926666666666666572e+01
1.926666666666666572e+01
1.926666666666666572e+01
1.926666666666666572e+01
1.926666666666666572e+01
1.926666666666666572e+01
1.923333333333333428e+01
1.923333333333333428e+01
1.923333333333333428e+01
1.923333333333333428e+01
1.923333333333333428e+01
1.923333333333333428e+01
1.923333333333333428e+01
1.923333333333333428e+01
1.923333333333333428e+01
1.923333333333333428e+01
1.923333333333333428e+01
1.923333333333333428e+01
1.923333333333333428e+01
1.923333333333333428e+01
1.923333333333333428e+01
1.923333333333333428e+01
1.923333333333333428e+01
1.923333333333333428e+01
1.923333333333333428e+01
1.923333333333333428e+01
1.923333333333333428e+01
1.923333333333333428e+01
1.923333333333333428e+01
1.923333333333333428e+01
1.923333333333333428e+01
1.923333333333333428e+01
1.923333333333333428e+01
1.923333333333333428e+01
1.923333333333333428e+01
1.923333333333333428e+01
1.923333333333333428e+01
1.923333333333333428e+01
1.923333333333333428e+01
1.923333333333333428e+01
1.923333333333333428e+01
1.923333333333333428e+01
1.923333333333333428e+01
1.923333333333333428e+01
1.923333333333333428e+01
1.923333333333333428e+01
1.923333333333333428e+01
1.923333333333333428e+01
1.923333333333333428e+01
1.923333333333333428e+01
1.923333333333333428e+01
1.923333333333333428e+01
1.923333333333333428e+01
1.923333333333333428e+01
1.923333333333333428e+01
1.923333333333333428e+01
1.923333333333333428e+01
1.919999999999999929e+01
1.919999999999999929e+01
1.919999999999999929e+01
1.919999999999999929e+01
1.919999999999999929e+01
1.919999999999999929e+01
1.919999999999999929e+01
1.919999999999999929e+01
1.919999999999999929e+01
1.919999999999999929e+01
1.919999999999999929e+01
