6.929999999999999716e+01
6.016666666666666430e+01
5.843333333333333002e+01
5.789999999999999858e+01
5.773333333333333428e+01
5.743333333333333002e+01
5.739999999999999858e+01
5.726666666666666572e+01
5.726666666666666572e+01
5.726666666666666572e+01
5.720000000000000284e+01
5.720000000000000284e+01
5.720000000000000284e+01
5.720000000000000284e+01
5.720000000000000284e+01
5.720000000000000284e+01
5.710000000000000142e+01
5.710000000000000142e+01
5.710000000000000142e+01
5.710000000000000142e+01
5.710000000000000142e+01
5.703333333333333144e+01
5.696666666666666856e+01
5.696666666666666856e+01
5.696666666666666856e+01
5.696666666666666856e+01
5.689999999999999858e+01
5.689999999999999858e+01
5.689999999999999858e+01
5.689999999999999858e+01
5.689999999999999858e+01
5.683333333333333570e+01
5.676666666666666572e+01
5.676666666666666572e+01
5.673333333333333428e+01
5.670000000000000284e+01
5.670000000000000284e+01
5.670000000000000284e+01
5.670000000000000284e+01
5.666666666666666430e+01
5.666666666666666430e+01
5.666666666666666430e+01
5.666666666666666430e+01
5.666666666666666430e+01
5.666666666666666430e+01
5.666666666666666430e+01
5.666666666666666430e+01
5.666666666666666430e+01
5.666666666666666430e+01
5.666666666666666430e+01
5.666666666666666430e+01
5.666666666666666430e+01
5.666666666666666430e+01
5.666666666666666430e+01
5.666666666666666430e+01
5.666666666666666430e+01
5.666666666666666430e+01
5.666666666666666430e+01
5.666666666666666430e+01
5.666666666666666430e+01
5.666666666666666430e+01
5.666666666666666430e+01
5.666666666666666430e+01
5.666666666666666430e+01
5.666666666666666430e+01
5.666666666666666430e+01
5.663333333333333286e+01
5.663333333333333286e+01
5.663333333333333286e+01
5.656666666666666998e+01
5.656666666666666998e+01
5.656666666666666998e+01
5.656666666666666998e+01
5.656666666666666998e+01
5.656666666666666998e+01
5.656666666666666998e+01
5.656666666666666998e+01
5.656666666666666998e+01
5.656666666666666998e+01
5.656666666666666998e+01
5.656666666666666998e+01
5.656666666666666998e+01
5.656666666666666998e+01
5.656666666666666998e+01
5.656666666666666998e+01
5.656666666666666998e+01
5.656666666666666998e+01
5.656666666666666998e+01
5.656666666666666998e+01
5.656666666666666998e+01
5.656666666666666998e+01
5.656666666666666998e+01
5.656666666666666998e+01
5.656666666666666998e+01
5.650000000000000000e+01
5.650000000000000000e+01
5.650000000000000000e+01
5.650000000000000000e+01
5.650000000000000000e+01
5.650000000000000000e+01
5.650000000000000000e+01
5.650000000000000000e+01
5.650000000000000000e+01
5.646666666666666856e+01
5.643333333333333002e+01
5.643333333333333002e+01
5.643333333333333002e+01
5.643333333333333002e+01
5.643333333333333002e+01
5.643333333333333002e+01
5.643333333333333002e+01
5.643333333333333002e+01
5.643333333333333002e+01
5.643333333333333002e+01
5.643333333333333002e+01
5.643333333333333002e+01
5.643333333333333002e+01
5.643333333333333002e+01
5.643333333333333002e+01
5.643333333333333002e+01
5.643333333333333002e+01
5.643333333333333002e+01
5.643333333333333002e+01
5.643333333333333002e+01
5.643333333333333002e+01
5.643333333333333002e+01
5.643333333333333002e+01
5.643333333333333002e+01
5.639999999999999858e+01
5.639999999999999858e+01
5.639999999999999858e+01
5.639999999999999858e+01
5.639999999999999858e+01
5.639999999999999858e+01
5.639999999999999858e+01
5.639999999999999858e+01
5.639999999999999858e+01
5.639999999999999858e+01
5.639999999999999858e+01
5.639999999999999858e+01
5.639999999999999858e+01
5.639999999999999858e+01
5.639999999999999858e+01
5.639999999999999858e+01
5.639999999999999858e+01
5.639999999999999858e+01
5.639999999999999858e+01
5.639999999999999858e+01
5.639999999999999858e+01
5.639999999999999858e+01
5.639999999999999858e+01
5.639999999999999858e+01
5.639999999999999858e+01
5.639999999999999858e+01
5.639999999999999858e+01
5.639999999999999858e+01
5.639999999999999858e+01
5.639999999999999858e+01
5.639999999999999858e+01
5.639999999999999858e+01
5.639999999999999858e+01
5.639999999999999858e+01
5.639999999999999858e+01
5.639999999999999858e+01
5.639999999999999858e+01
5.639999999999999858e+01
5.639999999999999858e+01
5.639999999999999858e+01
5.639999999999999858e+01
5.639999999999999858e+01
5.633333333333333570e+01
5.633333333333333570e+01
5.633333333333333570e+01
5.633333333333333570e+01
5.633333333333333570e+01
5.633333333333333570e+01
5.633333333333333570e+01
5.633333333333333570e+01
5.633333333333333570e+01
5.633333333333333570e+01
5.633333333333333570e+01
5.633333333333333570e+01
5.633333333333333570e+01
5.633333333333333570e+01
5.633333333333333570e+01
5.633333333333333570e+01
5.633333333333333570e+01
5.633333333333333570e+01
5.633333333333333570e+01
5.633333333333333570e+01
5.633333333333333570e+01
5.633333333333333570e+01
5.629999999999999716e+01
5.629999999999999716e+01
5.626666666666666572e+01
5.626666666666666572e+01
5.626666666666666572e+01
5.626666666666666572e+01
5.623333333333333428e+01
5.623333333333333428e+01
5.623333333333333428e+01
5.623333333333333428e+01
5.623333333333333428e+01
5.623333333333333428e+01
5.623333333333333428e+01
5.623333333333333428e+01
5.623333333333333428e+01
5.623333333333333428e+01
5.623333333333333428e+01
5.623333333333333428e+01
5.623333333333333428e+01
5.623333333333333428e+01
5.623333333333333428e+01
5.623333333333333428e+01
5.623333333333333428e+01
5.623333333333333428e+01
5.623333333333333428e+01
5.623333333333333428e+01
5.623333333333333428e+01
5.623333333333333428e+01
5.620000000000000284e+01
5.620000000000000284e+01
5.620000000000000284e+01
5.620000000000000284e+01
5.620000000000000284e+01
5.620000000000000284e+01
5.620000000000000284e+01
5.620000000000000284e+01
5.620000000000000284e+01
5.620000000000000284e+01
5.616666666666666430e+01
5.616666666666666430e+01
5.616666666666666430e+01
5.616666666666666430e+01
5.616666666666666430e+01
5.616666666666666430e+01
5.616666666666666430e+01
5.616666666666666430e+01
5.616666666666666430e+01
5.616666666666666430e+01
5.616666666666666430e+01
5.616666666666666430e+01
5.616666666666666430e+01
5.616666666666666430e+01
5.616666666666666430e+01
5.616666666666666430e+01
5.616666666666666430e+01
5.616666666666666430e+01
5.616666666666666430e+01
5.616666666666666430e+01
5.616666666666666430e+01
5.616666666666666430e+01
5.616666666666666430e+01
5.616666666666666430e+01
5.616666666666666430e+01
5.616666666666666430e+01
5.616666666666666430e+01
5.616666666666666430e+01
5.616666666666666430e+01
5.616666666666666430e+01
5.616666666666666430e+01
5.616666666666666430e+01
5.616666666666666430e+01
5.616666666666666430e+01
5.616666666666666430e+01
5.616666666666666430e+01
5.616666666666666430e+01
5.616666666666666430e+01
5.616666666666666430e+01
5.616666666666666430e+01
5.616666666666666430e+01
5.616666666666666430e+01
5.616666666666666430e+01
5.616666666666666430e+01
5.616666666666666430e+01
5.616666666666666430e+01
5.616666666666666430e+01
5.616666666666666430e+01
5.616666666666666430e+01
5.616666666666666430e+01
5.616666666666666430e+01
5.616666666666666430e+01
5.616666666666666430e+01
5.616666666666666430e+01
5.616666666666666430e+01
5.616666666666666430e+01
5.616666666666666430e+01
5.613333333333333286e+01
5.613333333333333286e+01
5.613333333333333286e+01
5.613333333333333286e+01
5.613333333333333286e+01
5.613333333333333286e+01
5.613333333333333286e+01
5.613333333333333286e+01
5.613333333333333286e+01
5.613333333333333286e+01
5.610000000000000142e+01
5.610000000000000142e+01
5.610000000000000142e+01
5.610000000000000142e+01
5.610000000000000142e+01
5.610000000000000142e+01
5.610000000000000142e+01
5.610000000000000142e+01
5.610000000000000142e+01
5.610000000000000142e+01
5.610000000000000142e+01
5.610000000000000142e+01
5.610000000000000142e+01
5.610000000000000142e+01
5.610000000000000142e+01
5.610000000000000142e+01
5.610000000000000142e+01
5.610000000000000142e+01
5.610000000000000142e+01
5.610000000000000142e+01
5.610000000000000142e+01
5.610000000000000142e+01
5.610000000000000142e+01
5.610000000000000142e+01
5.610000000000000142e+01
5.610000000000000142e+01
5.610000000000000142e+01
5.610000000000000142e+01
5.610000000000000142e+01
5.610000000000000142e+01
5.610000000000000142e+01
5.610000000000000142e+01
5.610000000000000142e+01
5.610000000000000142e+01
5.610000000000000142e+01
5.610000000000000142e+01
5.610000000000000142e+01
5.610000000000000142e+01
5.610000000000000142e+01
5.610000000000000142e+01
5.610000000000000142e+01
5.610000000000000142e+01
5.610000000000000142e+01
5.610000000000000142e+01
5.610000000000000142e+01
5.610000000000000142e+01
5.610000000000000142e+01
5.610000000000000142e+01
5.610000000000000142e+01
5.610000000000000142e+01
5.610000000000000142e+01
5.610000000000000142e+01
5.610000000000000142e+01
5.610000000000000142e+01
5.610000000000000142e+01
5.610000000000000142e+01
5.610000000000000142e+01
5.610000000000000142e+01
5.610000000000000142e+01
5.610000000000000142e+01
5.610000000000000142e+01
5.610000000000000142e+01
5.610000000000000142e+01
5.610000000000000142e+01
5.606666666666666998e+01
5.606666666666666998e+01
5.606666666666666998e+01
5.606666666666666998e+01
5.606666666666666998e+01
5.606666666666666998e+01
5.603333333333333144e+01
5.603333333333333144e+01
5.603333333333333144e+01
5.603333333333333144e+01
5.603333333333333144e+01
5.603333333333333144e+01
5.603333333333333144e+01
5.603333333333333144e+01
5.603333333333333144e+01
5.603333333333333144e+01
5.603333333333333144e+01
5.600000000000000000e+01
5.600000000000000000e+01
5.600000000000000000e+01
5.600000000000000000e+01
5.600000000000000000e+01
5.600000000000000000e+01
5.600000000000000000e+01
5.600000000000000000e+01
5.600000000000000000e+01
5.600000000000000000e+01
5.600000000000000000e+01
5.600000000000000000e+01
5.600000000000000000e+01
5.600000000000000000e+01
5.600000000000000000e+01
5.600000000000000000e+01
5.600000000000000000e+01
5.600000000000000000e+01
5.600000000000000000e+01
5.600000000000000000e+01
5.600000000000000000e+01
5.600000000000000000e+01
5.600000000000000000e+01
5.600000000000000000e+01
5.600000000000000000e+01
5.600000000000000000e+01
5.600000000000000000e+01
5.600000000000000000e+01
5.600000000000000000e+01
5.600000000000000000e+01
5.600000000000000000e+01
5.600000000000000000e+01
5.600000000000000000e+01
5.600000000000000000e+01
5.600000000000000000e+01
5.600000000000000000e+01
5.600000000000000000e+01
5.600000000000000000e+01
5.600000000000000000e+01
5.600000000000000000e+01
5.600000000000000000e+01
5.600000000000000000e+01
5.600000000000000000e+01
5.600000000000000000e+01
5.600000000000000000e+01
5.600000000000000000e+01
5.600000000000000000e+01
5.600000000000000000e+01
5.600000000000000000e+01
5.600000000000000000e+01
5.600000000000000000e+01
5.600000000000000000e+01
5.600000000000000000e+01
5.600000000000000000e+01
5.600000000000000000e+01
5.600000000000000000e+01
5.600000000000000000e+01
5.600000000000000000e+01
5.600000000000000000e+01
5.600000000000000000e+01
5.600000000000000000e+01
5.600000000000000000e+01
5.600000000000000000e+01
5.600000000000000000e+01
5.600000000000000000e+01
5.600000000000000000e+01
5.600000000000000000e+01
5.600000000000000000e+01
5.600000000000000000e+01
5.600000000000000000e+01
5.600000000000000000e+01
5.600000000000000000e+01
5.600000000000000000e+01
5.600000000000000000e+01
5.600000000000000000e+01
5.600000000000000000e+01
5.600000000000000000e+01
5.600000000000000000e+01
5.600000000000000000e+01
5.600000000000000000e+01
5.600000000000000000e+01
5.600000000000000000e+01
5.600000000000000000e+01
5.600000000000000000e+01
5.600000000000000000e+01
5.600000000000000000e+01
5.600000000000000000e+01
5.600000000000000000e+01
5.600000000000000000e+01
5.600000000000000000e+01
5.600000000000000000e+01
5.596666666666666856e+01
5.596666666666666856e+01
5.596666666666666856e+01
5.596666666666666856e+01
5.596666666666666856e+01
5.596666666666666856e+01
5.596666666666666856e+01
5.596666666666666856e+01
5.596666666666666856e+01
5.596666666666666856e+01
5.596666666666666856e+01
5.596666666666666856e+01
5.596666666666666856e+01
5.596666666666666856e+01
5.596666666666666856e+01
5.596666666666666856e+01
5.596666666666666856e+01
5.596666666666666856e+01
5.596666666666666856e+01
5.596666666666666856e+01
5.596666666666666856e+01
5.596666666666666856e+01
5.596666666666666856e+01
5.596666666666666856e+01
5.596666666666666856e+01
5.596666666666666856e+01
5.596666666666666856e+01
5.596666666666666856e+01
5.596666666666666856e+01
5.596666666666666856e+01
5.596666666666666856e+01
5.596666666666666856e+01
5.596666666666666856e+01
5.596666666666666856e+01
5.596666666666666856e+01
5.596666666666666856e+01
5.596666666666666856e+01
5.596666666666666856e+01
5.596666666666666856e+01
5.596666666666666856e+01
5.596666666666666856e+01
5.596666666666666856e+01
5.596666666666666856e+01
5.596666666666666856e+01
5.596666666666666856e+01
5.596666666666666856e+01
5.596666666666666856e+01
5.596666666666666856e+01
5.596666666666666856e+01
5.596666666666666856e+01
5.596666666666666856e+01
5.596666666666666856e+01
5.596666666666666856e+01
5.596666666666666856e+01
5.596666666666666856e+01
5.596666666666666856e+01
5.596666666666666856e+01
5.596666666666666856e+01
5.596666666666666856e+01
5.596666666666666856e+01
5.596666666666666856e+01
5.596666666666666856e+01
5.596666666666666856e+01
5.596666666666666856e+01
5.596666666666666856e+01
5.596666666666666856e+01
5.596666666666666856e+01
5.596666666666666856e+01
5.596666666666666856e+01
5.596666666666666856e+01
5.596666666666666856e+01
5.596666666666666856e+01
5.596666666666666856e+01
5.596666666666666856e+01
5.596666666666666856e+01
5.596666666666666856e+01
5.596666666666666856e+01
5.596666666666666856e+01
5.596666666666666856e+01
5.596666666666666856e+01
5.596666666666666856e+01
5.596666666666666856e+01
5.596666666666666856e+01
5.596666666666666856e+01
5.596666666666666856e+01
5.596666666666666856e+01
5.596666666666666856e+01
5.596666666666666856e+01
5.596666666666666856e+01
5.596666666666666856e+01
5.596666666666666856e+01
5.596666666666666856e+01
5.596666666666666856e+01
5.596666666666666856e+01
5.596666666666666856e+01
5.596666666666666856e+01
5.596666666666666856e+01
5.596666666666666856e+01
5.596666666666666856e+01
5.596666666666666856e+01
5.596666666666666856e+01
5.596666666666666856e+01
5.596666666666666856e+01
5.596666666666666856e+01
5.596666666666666856e+01
5.596666666666666856e+01
5.596666666666666856e+01
5.596666666666666856e+01
5.596666666666666856e+01
5.596666666666666856e+01
5.596666666666666856e+01
5.596666666666666856e+01
5.596666666666666856e+01
5.596666666666666856e+01
5.596666666666666856e+01
5.596666666666666856e+01
5.596666666666666856e+01
5.596666666666666856e+01
5.596666666666666856e+01
5.596666666666666856e+01
5.596666666666666856e+01
5.596666666666666856e+01
5.596666666666666856e+01
5.596666666666666856e+01
5.596666666666666856e+01
5.596666666666666856e+01
5.596666666666666856e+01
5.596666666666666856e+01
5.596666666666666856e+01
5.596666666666666856e+01
5.596666666666666856e+01
5.596666666666666856e+01
5.596666666666666856e+01
5.596666666666666856e+01
5.596666666666666856e+01
5.596666666666666856e+01
5.596666666666666856e+01
5.596666666666666856e+01
5.596666666666666856e+01
5.596666666666666856e+01
5.596666666666666856e+01
5.596666666666666856e+01
5.596666666666666856e+01
5.596666666666666856e+01
5.596666666666666856e+01
5.596666666666666856e+01
5.596666666666666856e+01
5.596666666666666856e+01
5.596666666666666856e+01
5.596666666666666856e+01
5.596666666666666856e+01
5.596666666666666856e+01
5.596666666666666856e+01
5.596666666666666856e+01
5.596666666666666856e+01
5.596666666666666856e+01
5.596666666666666856e+01
5.596666666666666856e+01
5.596666666666666856e+01
5.596666666666666856e+01
5.596666666666666856e+01
5.596666666666666856e+01
5.596666666666666856e+01
5.596666666666666856e+01
5.596666666666666856e+01
5.596666666666666856e+01
5.596666666666666856e+01
5.596666666666666856e+01
5.596666666666666856e+01
5.596666666666666856e+01
5.596666666666666856e+01
5.596666666666666856e+01
5.596666666666666856e+01
5.596666666666666856e+01
5.596666666666666856e+01
5.596666666666666856e+01
5.596666666666666856e+01
5.596666666666666856e+01
5.596666666666666856e+01
5.596666666666666856e+01
5.596666666666666856e+01
5.596666666666666856e+01
5.596666666666666856e+01
5.596666666666666856e+01
5.596666666666666856e+01
5.596666666666666856e+01
5.596666666666666856e+01
5.596666666666666856e+01
5.596666666666666856e+01
5.596666666666666856e+01
5.596666666666666856e+01
5.596666666666666856e+01
5.596666666666666856e+01
5.596666666666666856e+01
5.596666666666666856e+01
5.596666666666666856e+01
5.596666666666666856e+01
5.596666666666666856e+01
5.596666666666666856e+01
5.596666666666666856e+01
5.596666666666666856e+01
5.596666666666666856e+01
5.596666666666666856e+01
5.596666666666666856e+01
5.596666666666666856e+01
5.596666666666666856e+01
5.596666666666666856e+01
5.596666666666666856e+01
5.596666666666666856e+01
5.596666666666666856e+01
5.596666666666666856e+01
5.596666666666666856e+01
5.596666666666666856e+01
5.596666666666666856e+01
5.596666666666666856e+01
5.596666666666666856e+01
5.593333333333333002e+01
5.593333333333333002e+01
5.593333333333333002e+01
5.593333333333333002e+01
5.593333333333333002e+01
5.593333333333333002e+01
5.593333333333333002e+01
5.593333333333333002e+01
5.593333333333333002e+01
5.593333333333333002e+01
5.593333333333333002e+01
5.593333333333333002e+01
5.593333333333333002e+01
5.593333333333333002e+01
5.593333333333333002e+01
5.593333333333333002e+01
5.593333333333333002e+01
5.593333333333333002e+01
5.593333333333333002e+01
5.593333333333333002e+01
5.593333333333333002e+01
5.593333333333333002e+01
5.593333333333333002e+01
5.593333333333333002e+01
5.593333333333333002e+01
5.593333333333333002e+01
5.593333333333333002e+01
5.593333333333333002e+01
5.593333333333333002e+01
5.593333333333333002e+01
5.593333333333333002e+01
5.593333333333333002e+01
5.593333333333333002e+01
5.593333333333333002e+01
5.593333333333333002e+01
5.593333333333333002e+01
5.593333333333333002e+01
5.593333333333333002e+01
5.593333333333333002e+01
5.593333333333333002e+01
5.593333333333333002e+01
5.593333333333333002e+01
5.593333333333333002e+01
5.593333333333333002e+01
5.593333333333333002e+01
5.593333333333333002e+01
5.593333333333333002e+01
5.593333333333333002e+01
5.593333333333333002e+01
5.593333333333333002e+01
5.593333333333333002e+01
5.593333333333333002e+01
5.593333333333333002e+01
5.593333333333333002e+01
5.593333333333333002e+01
5.593333333333333002e+01
5.593333333333333002e+01
5.593333333333333002e+01
5.593333333333333002e+01
5.593333333333333002e+01
5.593333333333333002e+01
5.593333333333333002e+01
5.593333333333333002e+01
5.593333333333333002e+01
5.593333333333333002e+01
5.593333333333333002e+01
5.593333333333333002e+01
5.593333333333333002e+01
5.593333333333333002e+01
5.593333333333333002e+01
5.593333333333333002e+01
5.593333333333333002e+01
5.593333333333333002e+01
5.593333333333333002e+01
5.593333333333333002e+01
5.593333333333333002e+01
5.593333333333333002e+01
5.593333333333333002e+01
5.593333333333333002e+01
5.593333333333333002e+01
5.593333333333333002e+01
5.593333333333333002e+01
5.593333333333333002e+01
5.593333333333333002e+01
5.593333333333333002e+01
5.593333333333333002e+01
5.593333333333333002e+01
5.593333333333333002e+01
5.593333333333333002e+01
5.593333333333333002e+01
5.593333333333333002e+01
5.593333333333333002e+01
5.593333333333333002e+01
5.593333333333333002e+01
5.593333333333333002e+01
5.593333333333333002e+01
5.593333333333333002e+01
5.593333333333333002e+01
5.593333333333333002e+01
5.593333333333333002e+01
5.593333333333333002e+01
5.589999999999999858e+01
5.589999999999999858e+01
5.589999999999999858e+01
5.589999999999999858e+01
5.589999999999999858e+01
5.589999999999999858e+01
5.589999999999999858e+01
5.589999999999999858e+01
5.589999999999999858e+01
5.589999999999999858e+01
5.589999999999999858e+01
5.589999999999999858e+01
5.589999999999999858e+01
5.589999999999999858e+01
5.589999999999999858e+01
5.589999999999999858e+01
5.589999999999999858e+01
5.589999999999999858e+01
5.589999999999999858e+01
5.589999999999999858e+01
5.589999999999999858e+01
5.589999999999999858e+01
5.589999999999999858e+01
5.589999999999999858e+01
5.589999999999999858e+01
5.589999999999999858e+01
5.589999999999999858e+01
5.589999999999999858e+01
5.589999999999999858e+01
5.589999999999999858e+01
5.589999999999999858e+01
5.589999999999999858e+01
5.589999999999999858e+01
5.589999999999999858e+01
5.589999999999999858e+01
5.589999999999999858e+01
5.589999999999999858e+01
5.589999999999999858e+01
5.589999999999999858e+01
5.589999999999999858e+01
5.589999999999999858e+01
5.589999999999999858e+01
5.589999999999999858e+01
5.589999999999999858e+01
5.589999999999999858e+01
5.589999999999999858e+01
5.589999999999999858e+01
5.589999999999999858e+01
5.589999999999999858e+01
5.589999999999999858e+01
5.589999999999999858e+01
5.589999999999999858e+01
5.589999999999999858e+01
5.589999999999999858e+01
5.589999999999999858e+01
5.589999999999999858e+01
5.589999999999999858e+01
5.589999999999999858e+01
5.589999999999999858e+01
5.589999999999999858e+01
5.589999999999999858e+01
5.589999999999999858e+01
5.589999999999999858e+01
5.589999999999999858e+01
5.589999999999999858e+01
5.589999999999999858e+01
5.589999999999999858e+01
5.589999999999999858e+01
5.589999999999999858e+01
5.589999999999999858e+01
5.589999999999999858e+01
5.589999999999999858e+01
5.589999999999999858e+01
5.589999999999999858e+01
5.589999999999999858e+01
5.589999999999999858e+01
5.589999999999999858e+01
5.589999999999999858e+01
5.589999999999999858e+01
5.589999999999999858e+01
5.589999999999999858e+01
5.589999999999999858e+01
5.589999999999999858e+01
5.589999999999999858e+01
5.589999999999999858e+01
5.589999999999999858e+01
5.589999999999999858e+01
5.589999999999999858e+01
5.589999999999999858e+01
5.589999999999999858e+01
5.589999999999999858e+01
5.589999999999999858e+01
5.589999999999999858e+01
5.589999999999999858e+01
5.589999999999999858e+01
5.589999999999999858e+01
5.589999999999999858e+01
5.589999999999999858e+01
5.589999999999999858e+01
5.589999999999999858e+01
5.589999999999999858e+01
5.589999999999999858e+01
5.589999999999999858e+01
5.589999999999999858e+01
5.589999999999999858e+01
5.589999999999999858e+01
5.589999999999999858e+01
5.589999999999999858e+01
5.589999999999999858e+01
5.589999999999999858e+01
5.589999999999999858e+01
5.589999999999999858e+01
5.589999999999999858e+01
5.589999999999999858e+01
5.589999999999999858e+01
5.589999999999999858e+01
5.589999999999999858e+01
5.589999999999999858e+01
5.589999999999999858e+01
5.589999999999999858e+01
5.589999999999999858e+01
5.589999999999999858e+01
5.589999999999999858e+01
5.589999999999999858e+01
5.589999999999999858e+01
5.589999999999999858e+01
5.589999999999999858e+01
5.589999999999999858e+01
5.589999999999999858e+01
5.589999999999999858e+01
5.589999999999999858e+01
5.589999999999999858e+01
5.589999999999999858e+01
5.589999999999999858e+01
5.589999999999999858e+01
5.589999999999999858e+01
5.589999999999999858e+01
5.589999999999999858e+01
5.589999999999999858e+01
5.589999999999999858e+01
5.589999999999999858e+01
5.589999999999999858e+01
5.589999999999999858e+01
5.589999999999999858e+01
5.589999999999999858e+01
5.589999999999999858e+01
5.589999999999999858e+01
5.589999999999999858e+01
5.586666666666666714e+01
5.586666666666666714e+01
5.586666666666666714e+01
5.586666666666666714e+01
5.586666666666666714e+01
5.586666666666666714e+01
5.586666666666666714e+01
5.586666666666666714e+01
5.586666666666666714e+01
5.583333333333333570e+01
5.583333333333333570e+01
5.583333333333333570e+01
5.583333333333333570e+01
5.583333333333333570e+01
5.583333333333333570e+01
5.579999999999999716e+01
5.579999999999999716e+01
5.579999999999999716e+01
5.579999999999999716e+01
5.579999999999999716e+01
5.579999999999999716e+01
5.579999999999999716e+01
5.579999999999999716e+01
5.576666666666666572e+01
5.576666666666666572e+01
5.576666666666666572e+01
5.576666666666666572e+01
5.576666666666666572e+01
5.576666666666666572e+01
5.576666666666666572e+01
5.576666666666666572e+01
5.576666666666666572e+01
5.576666666666666572e+01
5.576666666666666572e+01
5.576666666666666572e+01
5.576666666666666572e+01
5.576666666666666572e+01
5.576666666666666572e+01
5.576666666666666572e+01
5.576666666666666572e+01
5.576666666666666572e+01
5.576666666666666572e+01
5.576666666666666572e+01
5.576666666666666572e+01
5.576666666666666572e+01
5.576666666666666572e+01
5.576666666666666572e+01
5.576666666666666572e+01
5.576666666666666572e+01
5.576666666666666572e+01
5.576666666666666572e+01
5.576666666666666572e+01
5.576666666666666572e+01
5.576666666666666572e+01
5.576666666666666572e+01
5.576666666666666572e+01
5.573333333333333428e+01
5.573333333333333428e+01
5.573333333333333428e+01
5.573333333333333428e+01
5.573333333333333428e+01
5.573333333333333428e+01
5.573333333333333428e+01
5.573333333333333428e+01
5.573333333333333428e+01
5.573333333333333428e+01
