4.156666666666666998e+01
4.126666666666666572e+01
4.070000000000000284e+01
4.036666666666666714e+01
3.960000000000000142e+01
3.900000000000000000e+01
3.843333333333333002e+01
3.823333333333333428e+01
3.786666666666666714e+01
3.743333333333333002e+01
3.679999999999999716e+01
3.660000000000000142e+01
3.646666666666666856e+01
3.600000000000000000e+01
3.560000000000000142e+01
3.536666666666666714e+01
3.516666666666666430e+01
3.483333333333333570e+01
3.439999999999999858e+01
3.406666666666666998e+01
3.379999999999999716e+01
3.353333333333333144e+01
3.336666666666666714e+01
3.303333333333333144e+01
3.273333333333333428e+01
3.246666666666666856e+01
3.210000000000000142e+01
3.183333333333333215e+01
3.169999999999999929e+01
3.166666666666666785e+01
3.153333333333333499e+01
3.116666666666666785e+01
3.093333333333333357e+01
3.069999999999999929e+01
3.066666666666666785e+01
3.063333333333333286e+01
3.060000000000000142e+01
3.053333333333333499e+01
3.050000000000000000e+01
3.033333333333333215e+01
3.016666666666666785e+01
2.996666666666666501e+01
2.986666666666666714e+01
2.969999999999999929e+01
2.969999999999999929e+01
2.939999999999999858e+01
2.919999999999999929e+01
2.913333333333333286e+01
2.903333333333333499e+01
2.903333333333333499e+01
2.893333333333333357e+01
2.880000000000000071e+01
2.876666666666666572e+01
2.853333333333333499e+01
2.846666666666666501e+01
2.843333333333333357e+01
2.836666666666666714e+01
2.830000000000000071e+01
2.830000000000000071e+01
2.816666666666666785e+01
2.803333333333333499e+01
2.800000000000000000e+01
2.796666666666666501e+01
2.796666666666666501e+01
2.786666666666666714e+01
2.769999999999999929e+01
2.766666666666666785e+01
2.766666666666666785e+01
2.760000000000000142e+01
2.753333333333333499e+01
2.750000000000000000e+01
2.736666666666666714e+01
2.733333333333333215e+01
2.730000000000000071e+01
2.716666666666666785e+01
2.713333333333333286e+01
2.710000000000000142e+01
2.706666666666666643e+01
2.696666666666666501e+01
2.683333333333333215e+01
2.676666666666666572e+01
2.676666666666666572e+01
2.669999999999999929e+01
2.666666666666666785e+01
2.663333333333333286e+01
2.663333333333333286e+01
2.663333333333333286e+01
2.653333333333333499e+01
2.643333333333333357e+01
2.639999999999999858e+01
2.633333333333333215e+01
2.633333333333333215e+01
2.630000000000000071e+01
2.619999999999999929e+01
2.619999999999999929e+01
2.619999999999999929e+01
2.616666666666666785e+01
2.616666666666666785e+01
2.616666666666666785e+01
2.616666666666666785e+01
2.613333333333333286e+01
2.606666666666666643e+01
2.606666666666666643e+01
2.600000000000000000e+01
2.600000000000000000e+01
2.596666666666666501e+01
2.589999999999999858e+01
2.589999999999999858e+01
2.589999999999999858e+01
2.589999999999999858e+01
2.583333333333333215e+01
2.580000000000000071e+01
2.580000000000000071e+01
2.576666666666666572e+01
2.563333333333333286e+01
2.560000000000000142e+01
2.560000000000000142e+01
2.560000000000000142e+01
2.556666666666666643e+01
2.556666666666666643e+01
2.553333333333333499e+01
2.530000000000000071e+01
2.523333333333333428e+01
2.523333333333333428e+01
2.519999999999999929e+01
2.516666666666666785e+01
2.516666666666666785e+01
2.516666666666666785e+01
2.510000000000000142e+01
2.510000000000000142e+01
2.510000000000000142e+01
2.510000000000000142e+01
2.510000000000000142e+01
2.510000000000000142e+01
2.506666666666666643e+01
2.506666666666666643e+01
2.506666666666666643e+01
2.506666666666666643e+01
2.506666666666666643e+01
2.506666666666666643e+01
2.496666666666666501e+01
2.489999999999999858e+01
2.489999999999999858e+01
2.486666666666666714e+01
2.480000000000000071e+01
2.476666666666666572e+01
2.476666666666666572e+01
2.466666666666666785e+01
2.466666666666666785e+01
2.466666666666666785e+01
2.456666666666666643e+01
2.456666666666666643e+01
2.453333333333333499e+01
2.453333333333333499e+01
2.453333333333333499e+01
2.450000000000000000e+01
2.450000000000000000e+01
2.450000000000000000e+01
2.450000000000000000e+01
2.446666666666666501e+01
2.446666666666666501e+01
2.443333333333333357e+01
2.439999999999999858e+01
2.436666666666666714e+01
2.433333333333333215e+01
2.433333333333333215e+01
2.433333333333333215e+01
2.433333333333333215e+01
2.433333333333333215e+01
2.430000000000000071e+01
2.430000000000000071e+01
2.426666666666666572e+01
2.423333333333333428e+01
2.423333333333333428e+01
2.423333333333333428e+01
2.423333333333333428e+01
2.419999999999999929e+01
2.419999999999999929e+01
2.419999999999999929e+01
2.416666666666666785e+01
2.413333333333333286e+01
2.413333333333333286e+01
2.413333333333333286e+01
2.413333333333333286e+01
2.413333333333333286e+01
2.413333333333333286e+01
2.410000000000000142e+01
2.410000000000000142e+01
2.410000000000000142e+01
2.406666666666666643e+01
2.403333333333333499e+01
2.400000000000000000e+01
2.400000000000000000e+01
2.393333333333333357e+01
2.386666666666666714e+01
2.386666666666666714e+01
2.383333333333333215e+01
2.383333333333333215e+01
2.383333333333333215e+01
2.383333333333333215e+01
2.383333333333333215e+01
2.383333333333333215e+01
2.383333333333333215e+01
2.383333333333333215e+01
2.383333333333333215e+01
2.383333333333333215e+01
2.383333333333333215e+01
2.383333333333333215e+01
2.383333333333333215e+01
2.383333333333333215e+01
2.380000000000000071e+01
2.376666666666666572e+01
2.376666666666666572e+01
2.376666666666666572e+01
2.376666666666666572e+01
2.373333333333333428e+01
2.366666666666666785e+01
2.366666666666666785e+01
2.360000000000000142e+01
2.356666666666666643e+01
2.356666666666666643e+01
2.353333333333333499e+01
2.350000000000000000e+01
2.346666666666666501e+01
2.346666666666666501e+01
2.339999999999999858e+01
2.336666666666666714e+01
2.336666666666666714e+01
2.333333333333333215e+01
2.333333333333333215e+01
2.333333333333333215e+01
2.333333333333333215e+01
2.333333333333333215e+01
2.333333333333333215e+01
2.333333333333333215e+01
2.333333333333333215e+01
2.333333333333333215e+01
2.333333333333333215e+01
2.333333333333333215e+01
2.333333333333333215e+01
2.330000000000000071e+01
2.326666666666666572e+01
2.326666666666666572e+01
2.326666666666666572e+01
2.326666666666666572e+01
2.319999999999999929e+01
2.316666666666666785e+01
2.313333333333333286e+01
2.313333333333333286e+01
2.313333333333333286e+01
2.313333333333333286e+01
2.310000000000000142e+01
2.310000000000000142e+01
2.310000000000000142e+01
2.310000000000000142e+01
2.306666666666666643e+01
2.306666666666666643e+01
2.306666666666666643e+01
2.303333333333333499e+01
2.303333333333333499e+01
2.303333333333333499e+01
2.303333333333333499e+01
2.303333333333333499e+01
2.303333333333333499e+01
2.300000000000000000e+01
2.300000000000000000e+01
2.300000000000000000e+01
2.300000000000000000e+01
2.296666666666666501e+01
2.296666666666666501e+01
2.293333333333333357e+01
2.293333333333333357e+01
2.293333333333333357e+01
2.283333333333333215e+01
2.283333333333333215e+01
2.283333333333333215e+01
2.283333333333333215e+01
2.283333333333333215e+01
2.283333333333333215e+01
2.283333333333333215e+01
2.283333333333333215e+01
2.283333333333333215e+01
2.283333333333333215e+01
2.283333333333333215e+01
2.280000000000000071e+01
2.273333333333333428e+01
2.273333333333333428e+01
2.273333333333333428e+01
2.273333333333333428e+01
2.273333333333333428e+01
2.269999999999999929e+01
2.269999999999999929e+01
2.269999999999999929e+01
2.269999999999999929e+01
2.269999999999999929e+01
2.269999999999999929e+01
2.269999999999999929e+01
2.269999999999999929e+01
2.269999999999999929e+01
2.269999999999999929e+01
2.266666666666666785e+01
2.266666666666666785e+01
2.266666666666666785e+01
2.266666666666666785e+01
2.266666666666666785e+01
2.266666666666666785e+01
2.266666666666666785e+01
2.266666666666666785e+01
2.263333333333333286e+01
2.263333333333333286e+01
2.263333333333333286e+01
2.263333333333333286e+01
2.263333333333333286e+01
2.263333333333333286e+01
2.263333333333333286e+01
2.260000000000000142e+01
2.260000000000000142e+01
2.260000000000000142e+01
2.260000000000000142e+01
2.250000000000000000e+01
2.250000000000000000e+01
2.250000000000000000e+01
2.250000000000000000e+01
2.243333333333333357e+01
2.243333333333333357e+01
2.243333333333333357e+01
2.243333333333333357e+01
2.243333333333333357e+01
2.243333333333333357e+01
2.239999999999999858e+01
2.239999999999999858e+01
2.239999999999999858e+01
2.236666666666666714e+01
2.236666666666666714e+01
2.226666666666666572e+01
2.226666666666666572e+01
2.226666666666666572e+01
2.226666666666666572e+01
2.226666666666666572e+01
2.226666666666666572e+01
2.226666666666666572e+01
2.226666666666666572e+01
2.226666666666666572e+01
2.226666666666666572e+01
2.219999999999999929e+01
2.216666666666666785e+01
2.213333333333333286e+01
2.213333333333333286e+01
2.213333333333333286e+01
2.213333333333333286e+01
2.213333333333333286e+01
2.213333333333333286e+01
2.213333333333333286e+01
2.213333333333333286e+01
2.213333333333333286e+01
2.213333333333333286e+01
2.213333333333333286e+01
2.213333333333333286e+01
2.206666666666666643e+01
2.206666666666666643e+01
2.206666666666666643e+01
2.206666666666666643e+01
2.206666666666666643e+01
2.206666666666666643e+01
2.206666666666666643e+01
2.196666666666666501e+01
2.196666666666666501e+01
2.193333333333333357e+01
2.193333333333333357e+01
2.193333333333333357e+01
2.193333333333333357e+01
2.193333333333333357e+01
2.193333333333333357e+01
2.189999999999999858e+01
2.189999999999999858e+01
2.189999999999999858e+01
2.189999999999999858e+01
2.186666666666666714e+01
2.186666666666666714e+01
2.186666666666666714e+01
2.186666666666666714e+01
2.186666666666666714e+01
2.183333333333333215e+01
2.183333333333333215e+01
2.183333333333333215e+01
2.183333333333333215e+01
2.183333333333333215e+01
2.183333333333333215e+01
2.183333333333333215e+01
2.183333333333333215e+01
2.183333333333333215e+01
2.183333333333333215e+01
2.183333333333333215e+01
2.183333333333333215e+01
2.183333333333333215e+01
2.183333333333333215e+01
2.183333333333333215e+01
2.183333333333333215e+01
2.183333333333333215e+01
2.183333333333333215e+01
2.183333333333333215e+01
2.183333333333333215e+01
2.180000000000000071e+01
2.180000000000000071e+01
2.176666666666666572e+01
2.176666666666666572e+01
2.173333333333333428e+01
2.169999999999999929e+01
2.169999999999999929e+01
2.169999999999999929e+01
2.169999999999999929e+01
2.169999999999999929e+01
2.169999999999999929e+01
2.166666666666666785e+01
2.166666666666666785e+01
2.166666666666666785e+01
2.166666666666666785e+01
2.163333333333333286e+01
2.163333333333333286e+01
2.163333333333333286e+01
2.156666666666666643e+01
2.156666666666666643e+01
2.156666666666666643e+01
2.156666666666666643e+01
2.153333333333333499e+01
2.153333333333333499e+01
2.153333333333333499e+01
2.150000000000000000e+01
2.146666666666666501e+01
2.146666666666666501e+01
2.146666666666666501e+01
2.146666666666666501e+01
2.146666666666666501e+01
2.146666666666666501e+01
2.146666666666666501e+01
2.143333333333333357e+01
2.139999999999999858e+01
2.139999999999999858e+01
2.139999999999999858e+01
2.139999999999999858e+01
2.139999999999999858e+01
2.139999999999999858e+01
2.139999999999999858e+01
2.133333333333333215e+01
2.133333333333333215e+01
2.133333333333333215e+01
2.133333333333333215e+01
2.133333333333333215e+01
2.133333333333333215e+01
2.133333333333333215e+01
2.133333333333333215e+01
2.133333333333333215e+01
2.133333333333333215e+01
2.133333333333333215e+01
2.133333333333333215e+01
2.133333333333333215e+01
2.133333333333333215e+01
2.130000000000000071e+01
2.130000000000000071e+01
2.130000000000000071e+01
2.126666666666666572e+01
2.126666666666666572e+01
2.126666666666666572e+01
2.126666666666666572e+01
2.123333333333333428e+01
2.123333333333333428e+01
2.123333333333333428e+01
2.123333333333333428e+01
2.123333333333333428e+01
2.123333333333333428e+01
2.123333333333333428e+01
2.123333333333333428e+01
2.123333333333333428e+01
2.123333333333333428e+01
2.123333333333333428e+01
2.123333333333333428e+01
2.123333333333333428e+01
2.123333333333333428e+01
2.119999999999999929e+01
2.119999999999999929e+01
2.116666666666666785e+01
2.116666666666666785e+01
2.116666666666666785e+01
2.116666666666666785e+01
2.116666666666666785e+01
2.116666666666666785e+01
2.116666666666666785e+01
2.116666666666666785e+01
2.116666666666666785e+01
2.116666666666666785e+01
2.116666666666666785e+01
2.113333333333333286e+01
2.110000000000000142e+01
2.110000000000000142e+01
2.110000000000000142e+01
2.110000000000000142e+01
2.110000000000000142e+01
2.110000000000000142e+01
2.110000000000000142e+01
2.110000000000000142e+01
2.110000000000000142e+01
2.110000000000000142e+01
2.110000000000000142e+01
2.110000000000000142e+01
2.110000000000000142e+01
2.110000000000000142e+01
2.110000000000000142e+01
2.110000000000000142e+01
2.110000000000000142e+01
2.110000000000000142e+01
2.110000000000000142e+01
2.110000000000000142e+01
2.110000000000000142e+01
2.110000000000000142e+01
2.096666666666666501e+01
2.096666666666666501e+01
2.096666666666666501e+01
2.096666666666666501e+01
2.096666666666666501e+01
2.096666666666666501e+01
2.096666666666666501e+01
2.096666666666666501e+01
2.096666666666666501e+01
2.096666666666666501e+01
2.096666666666666501e+01
2.096666666666666501e+01
2.089999999999999858e+01
2.089999999999999858e+01
2.089999999999999858e+01
2.089999999999999858e+01
2.089999999999999858e+01
2.089999999999999858e+01
2.089999999999999858e+01
2.086666666666666714e+01
2.086666666666666714e+01
2.086666666666666714e+01
2.086666666666666714e+01
2.086666666666666714e+01
2.086666666666666714e+01
2.086666666666666714e+01
2.086666666666666714e+01
2.086666666666666714e+01
2.086666666666666714e+01
2.086666666666666714e+01
2.086666666666666714e+01
2.086666666666666714e+01
2.086666666666666714e+01
2.083333333333333215e+01
2.083333333333333215e+01
2.083333333333333215e+01
2.083333333333333215e+01
2.083333333333333215e+01
2.083333333333333215e+01
2.083333333333333215e+01
2.083333333333333215e+01
2.083333333333333215e+01
2.083333333333333215e+01
2.083333333333333215e+01
2.083333333333333215e+01
2.083333333333333215e+01
2.083333333333333215e+01
2.083333333333333215e+01
2.080000000000000071e+01
2.080000000000000071e+01
2.080000000000000071e+01
2.080000000000000071e+01
2.080000000000000071e+01
2.066666666666666785e+01
2.066666666666666785e+01
2.066666666666666785e+01
2.066666666666666785e+01
2.066666666666666785e+01
2.066666666666666785e+01
2.066666666666666785e+01
2.063333333333333286e+01
2.063333333333333286e+01
2.063333333333333286e+01
2.063333333333333286e+01
2.063333333333333286e+01
2.063333333333333286e+01
2.060000000000000142e+01
2.053333333333333499e+01
2.053333333333333499e+01
2.053333333333333499e+01
2.053333333333333499e+01
2.053333333333333499e+01
2.053333333333333499e+01
2.050000000000000000e+01
2.050000000000000000e+01
2.050000000000000000e+01
2.050000000000000000e+01
2.050000000000000000e+01
2.050000000000000000e+01
2.050000000000000000e+01
2.050000000000000000e+01
2.050000000000000000e+01
2.050000000000000000e+01
2.050000000000000000e+01
2.043333333333333357e+01
2.043333333333333357e+01
2.043333333333333357e+01
2.043333333333333357e+01
2.043333333333333357e+01
2.039999999999999858e+01
2.039999999999999858e+01
2.039999999999999858e+01
2.039999999999999858e+01
2.039999999999999858e+01
2.036666666666666714e+01
2.036666666666666714e+01
2.036666666666666714e+01
2.033333333333333215e+01
2.033333333333333215e+01
2.033333333333333215e+01
2.033333333333333215e+01
2.033333333333333215e+01
2.033333333333333215e+01
2.033333333333333215e+01
2.033333333333333215e+01
2.026666666666666572e+01
2.026666666666666572e+01
2.026666666666666572e+01
2.026666666666666572e+01
2.023333333333333428e+01
2.023333333333333428e+01
2.023333333333333428e+01
2.023333333333333428e+01
2.023333333333333428e+01
2.023333333333333428e+01
2.023333333333333428e+01
2.019999999999999929e+01
2.019999999999999929e+01
2.016666666666666785e+01
2.016666666666666785e+01
2.016666666666666785e+01
2.016666666666666785e+01
2.013333333333333286e+01
2.013333333333333286e+01
2.013333333333333286e+01
2.013333333333333286e+01
2.013333333333333286e+01
2.013333333333333286e+01
2.013333333333333286e+01
2.013333333333333286e+01
2.013333333333333286e+01
2.013333333333333286e+01
2.013333333333333286e+01
2.010000000000000142e+01
2.010000000000000142e+01
2.010000000000000142e+01
2.010000000000000142e+01
2.010000000000000142e+01
2.010000000000000142e+01
2.010000000000000142e+01
2.010000000000000142e+01
2.010000000000000142e+01
2.010000000000000142e+01
2.010000000000000142e+01
2.010000000000000142e+01
2.010000000000000142e+01
2.010000000000000142e+01
2.010000000000000142e+01
2.010000000000000142e+01
2.006666666666666643e+01
2.006666666666666643e+01
2.006666666666666643e+01
2.006666666666666643e+01
2.006666666666666643e+01
2.006666666666666643e+01
2.006666666666666643e+01
2.006666666666666643e+01
2.006666666666666643e+01
2.006666666666666643e+01
2.006666666666666643e+01
2.006666666666666643e+01
2.006666666666666643e+01
2.006666666666666643e+01
2.006666666666666643e+01
2.006666666666666643e+01
2.003333333333333499e+01
2.003333333333333499e+01
2.003333333333333499e+01
2.003333333333333499e+01
2.003333333333333499e+01
2.003333333333333499e+01
2.003333333333333499e+01
2.003333333333333499e+01
2.003333333333333499e+01
2.003333333333333499e+01
2.003333333333333499e+01
2.003333333333333499e+01
2.003333333333333499e+01
2.003333333333333499e+01
2.003333333333333499e+01
2.003333333333333499e+01
2.003333333333333499e+01
2.000000000000000000e+01
2.000000000000000000e+01
2.000000000000000000e+01
1.996666666666666501e+01
1.996666666666666501e+01
1.996666666666666501e+01
1.996666666666666501e+01
1.996666666666666501e+01
1.996666666666666501e+01
1.996666666666666501e+01
1.996666666666666501e+01
1.996666666666666501e+01
1.996666666666666501e+01
1.993333333333333357e+01
1.993333333333333357e+01
1.993333333333333357e+01
1.989999999999999858e+01
1.989999999999999858e+01
1.989999999999999858e+01
1.989999999999999858e+01
1.989999999999999858e+01
1.989999999999999858e+01
1.989999999999999858e+01
1.989999999999999858e+01
1.989999999999999858e+01
1.989999999999999858e+01
1.989999999999999858e+01
1.989999999999999858e+01
1.989999999999999858e+01
1.986666666666666714e+01
1.986666666666666714e+01
1.986666666666666714e+01
1.986666666666666714e+01
1.986666666666666714e+01
1.986666666666666714e+01
1.986666666666666714e+01
1.980000000000000071e+01
1.980000000000000071e+01
1.980000000000000071e+01
1.980000000000000071e+01
1.980000000000000071e+01
1.980000000000000071e+01
1.980000000000000071e+01
1.980000000000000071e+01
1.980000000000000071e+01
1.980000000000000071e+01
1.980000000000000071e+01
1.980000000000000071e+01
1.980000000000000071e+01
1.976666666666666572e+01
1.976666666666666572e+01
1.976666666666666572e+01
1.973333333333333428e+01
1.973333333333333428e+01
1.973333333333333428e+01
1.973333333333333428e+01
1.973333333333333428e+01
1.973333333333333428e+01
1.973333333333333428e+01
1.973333333333333428e+01
1.973333333333333428e+01
1.973333333333333428e+01
1.973333333333333428e+01
1.973333333333333428e+01
1.973333333333333428e+01
1.973333333333333428e+01
1.973333333333333428e+01
1.973333333333333428e+01
1.973333333333333428e+01
1.973333333333333428e+01
1.973333333333333428e+01
1.973333333333333428e+01
1.973333333333333428e+01
1.973333333333333428e+01
1.969999999999999929e+01
1.969999999999999929e+01
1.969999999999999929e+01
1.969999999999999929e+01
1.969999999999999929e+01
1.969999999999999929e+01
1.969999999999999929e+01
1.966666666666666785e+01
1.966666666666666785e+01
1.966666666666666785e+01
1.963333333333333286e+01
1.963333333333333286e+01
1.963333333333333286e+01
1.963333333333333286e+01
1.963333333333333286e+01
1.963333333333333286e+01
1.963333333333333286e+01
1.963333333333333286e+01
1.963333333333333286e+01
1.963333333333333286e+01
1.963333333333333286e+01
1.963333333333333286e+01
1.963333333333333286e+01
1.963333333333333286e+01
1.963333333333333286e+01
1.963333333333333286e+01
1.963333333333333286e+01
1.963333333333333286e+01
1.963333333333333286e+01
1.963333333333333286e+01
1.963333333333333286e+01
1.963333333333333286e+01
1.963333333333333286e+01
1.963333333333333286e+01
1.963333333333333286e+01
1.963333333333333286e+01
1.963333333333333286e+01
1.960000000000000142e+01
1.960000000000000142e+01
1.960000000000000142e+01
1.960000000000000142e+01
1.960000000000000142e+01
1.960000000000000142e+01
1.960000000000000142e+01
1.960000000000000142e+01
1.956666666666666643e+01
1.956666666666666643e+01
1.956666666666666643e+01
1.956666666666666643e+01
1.956666666666666643e+01
1.956666666666666643e+01
1.956666666666666643e+01
1.956666666666666643e+01
1.956666666666666643e+01
1.956666666666666643e+01
1.956666666666666643e+01
1.956666666666666643e+01
1.956666666666666643e+01
1.956666666666666643e+01
1.956666666666666643e+01
1.956666666666666643e+01
1.956666666666666643e+01
1.956666666666666643e+01
1.956666666666666643e+01
1.956666666666666643e+01
1.956666666666666643e+01
1.956666666666666643e+01
1.956666666666666643e+01
1.953333333333333499e+01
1.953333333333333499e+01
1.953333333333333499e+01
1.953333333333333499e+01
1.950000000000000000e+01
1.950000000000000000e+01
1.950000000000000000e+01
1.950000000000000000e+01
1.950000000000000000e+01
1.950000000000000000e+01
1.950000000000000000e+01
1.950000000000000000e+01
1.950000000000000000e+01
1.950000000000000000e+01
1.950000000000000000e+01
1.946666666666666501e+01
1.946666666666666501e+01
1.946666666666666501e+01
1.946666666666666501e+01
1.946666666666666501e+01
1.946666666666666501e+01
1.946666666666666501e+01
1.946666666666666501e+01
1.946666666666666501e+01
1.946666666666666501e+01
1.943333333333333357e+01
1.943333333333333357e+01
1.943333333333333357e+01
1.943333333333333357e+01
1.943333333333333357e+01
1.943333333333333357e+01
1.943333333333333357e+01
1.943333333333333357e+01
1.943333333333333357e+01
1.943333333333333357e+01
1.943333333333333357e+01
1.943333333333333357e+01
1.943333333333333357e+01
1.943333333333333357e+01
1.943333333333333357e+01
1.943333333333333357e+01
1.943333333333333357e+01
1.943333333333333357e+01
1.943333333333333357e+01
1.943333333333333357e+01
1.943333333333333357e+01
1.943333333333333357e+01
1.943333333333333357e+01
1.943333333333333357e+01
1.943333333333333357e+01
1.943333333333333357e+01
1.943333333333333357e+01
1.943333333333333357e+01
1.943333333333333357e+01
1.943333333333333357e+01
1.943333333333333357e+01
1.943333333333333357e+01
1.933333333333333215e+01
1.930000000000000071e+01
1.930000000000000071e+01
1.930000000000000071e+01
1.930000000000000071e+01
1.930000000000000071e+01
1.930000000000000071e+01
1.930000000000000071e+01
1.930000000000000071e+01
1.926666666666666572e+01
1.926666666666666572e+01
1.926666666666666572e+01
1.926666666666666572e+01
1.926666666666666572e+01
1.926666666666666572e+01
1.926666666666666572e+01
1.926666666666666572e+01
1.926666666666666572e+01
1.926666666666666572e+01
1.926666666666666572e+01
1.926666666666666572e+01
1.926666666666666572e+01
1.926666666666666572e+01
1.926666666666666572e+01
1.926666666666666572e+01
1.923333333333333428e+01
1.923333333333333428e+01
1.923333333333333428e+01
1.923333333333333428e+01
1.923333333333333428e+01
1.923333333333333428e+01
1.923333333333333428e+01
1.923333333333333428e+01
1.923333333333333428e+01
1.923333333333333428e+01
1.923333333333333428e+01
1.923333333333333428e+01
1.923333333333333428e+01
1.923333333333333428e+01
1.923333333333333428e+01
1.923333333333333428e+01
1.923333333333333428e+01
1.923333333333333428e+01
1.923333333333333428e+01
1.923333333333333428e+01
1.923333333333333428e+01
1.923333333333333428e+01
1.923333333333333428e+01
1.923333333333333428e+01
1.923333333333333428e+01
1.923333333333333428e+01
1.923333333333333428e+01
1.923333333333333428e+01
1.923333333333333428e+01
1.923333333333333428e+01
1.923333333333333428e+01
1.923333333333333428e+01
1.923333333333333428e+01
1.923333333333333428e+01
1.919999999999999929e+01
1.919999999999999929e+01
1.919999999999999929e+01
1.919999999999999929e+01
1.919999999999999929e+01
1.919999999999999929e+01
1.919999999999999929e+01
1.919999999999999929e+01
1.919999999999999929e+01
1.919999999999999929e+01
1.919999999999999929e+01
1.919999999999999929e+01
1.919999999999999929e+01
1.919999999999999929e+01
1.919999999999999929e+01
1.919999999999999929e+01
1.919999999999999929e+01
1.919999999999999929e+01
1.919999999999999929e+01
1.919999999999999929e+01
1.919999999999999929e+01
1.919999999999999929e+01
1.919999999999999929e+01
1.919999999999999929e+01
1.919999999999999929e+01
1.919999999999999929e+01
1.919999999999999929e+01
1.919999999999999929e+01
1.919999999999999929e+01
1.919999999999999929e+01
1.919999999999999929e+01
1.919999999999999929e+01
1.919999999999999929e+01
1.919999999999999929e+01
1.919999999999999929e+01
1.919999999999999929e+01
1.919999999999999929e+01
1.919999999999999929e+01
1.919999999999999929e+01
1.919999999999999929e+01
1.919999999999999929e+01
1.919999999999999929e+01
1.919999999999999929e+01
1.919999999999999929e+01
1.919999999999999929e+01
1.919999999999999929e+01
