4.720000000000000284e+01
4.370000000000000284e+01
4.056666666666666998e+01
3.773333333333333428e+01
3.500000000000000000e+01
3.256666666666666998e+01
3.036666666666666714e+01
2.843333333333333357e+01
2.656666666666666643e+01
2.489999999999999858e+01
2.339999999999999858e+01
2.213333333333333286e+01
2.093333333333333357e+01
2.010000000000000142e+01
1.943333333333333357e+01
1.869999999999999929e+01
1.806666666666666643e+01
1.773333333333333428e+01
1.750000000000000000e+01
1.739999999999999858e+01
1.726666666666666572e+01
1.716666666666666785e+01
1.703333333333333499e+01
1.693333333333333357e+01
1.683333333333333215e+01
1.680000000000000071e+01
1.669999999999999929e+01
1.653333333333333499e+01
1.636666666666666714e+01
1.633333333333333215e+01
1.626666666666666572e+01
1.616666666666666785e+01
1.610000000000000142e+01
1.596666666666666679e+01
1.590000000000000036e+01
1.586666666666666714e+01
1.583333333333333393e+01
1.576666666666666750e+01
1.576666666666666750e+01
1.569999999999999929e+01
1.569999999999999929e+01
1.566666666666666607e+01
1.559999999999999964e+01
1.556666666666666643e+01
1.546666666666666679e+01
1.540000000000000036e+01
1.533333333333333393e+01
1.526666666666666750e+01
1.523333333333333250e+01
1.519999999999999929e+01
1.519999999999999929e+01
1.516666666666666607e+01
1.509999999999999964e+01
1.506666666666666643e+01
1.506666666666666643e+01
1.506666666666666643e+01
1.506666666666666643e+01
1.506666666666666643e+01
1.506666666666666643e+01
1.506666666666666643e+01
1.506666666666666643e+01
1.506666666666666643e+01
1.503333333333333321e+01
1.496666666666666679e+01
1.493333333333333357e+01
1.490000000000000036e+01
1.486666666666666714e+01
1.486666666666666714e+01
1.486666666666666714e+01
1.486666666666666714e+01
1.486666666666666714e+01
1.486666666666666714e+01
1.486666666666666714e+01
1.486666666666666714e+01
1.486666666666666714e+01
1.486666666666666714e+01
1.486666666666666714e+01
1.486666666666666714e+01
1.486666666666666714e+01
1.486666666666666714e+01
1.486666666666666714e+01
1.480000000000000071e+01
1.469999999999999929e+01
1.466666666666666607e+01
1.466666666666666607e+01
1.459999999999999964e+01
1.456666666666666643e+01
1.453333333333333321e+01
1.453333333333333321e+01
1.453333333333333321e+01
1.450000000000000000e+01
1.450000000000000000e+01
1.446666666666666679e+01
1.446666666666666679e+01
1.446666666666666679e+01
1.446666666666666679e+01
1.446666666666666679e+01
1.446666666666666679e+01
1.446666666666666679e+01
1.446666666666666679e+01
1.440000000000000036e+01
1.433333333333333393e+01
1.433333333333333393e+01
1.433333333333333393e+01
1.433333333333333393e+01
1.433333333333333393e+01
1.430000000000000071e+01
1.426666666666666750e+01
1.423333333333333250e+01
1.419999999999999929e+01
1.413333333333333286e+01
1.413333333333333286e+01
1.413333333333333286e+01
1.406666666666666643e+01
1.403333333333333321e+01
1.400000000000000000e+01
1.393333333333333357e+01
1.390000000000000036e+01
1.390000000000000036e+01
1.390000000000000036e+01
1.386666666666666714e+01
1.380000000000000071e+01
1.380000000000000071e+01
1.380000000000000071e+01
1.373333333333333250e+01
1.369999999999999929e+01
1.366666666666666607e+01
1.363333333333333286e+01
1.359999999999999964e+01
1.353333333333333321e+01
1.350000000000000000e+01
1.350000000000000000e+01
1.350000000000000000e+01
1.350000000000000000e+01
1.350000000000000000e+01
1.346666666666666679e+01
1.343333333333333357e+01
1.336666666666666714e+01
1.333333333333333393e+01
1.330000000000000071e+01
1.319999999999999929e+01
1.316666666666666607e+01
1.316666666666666607e+01
1.313333333333333286e+01
1.309999999999999964e+01
1.306666666666666643e+01
1.306666666666666643e+01
1.300000000000000000e+01
1.296666666666666679e+01
1.296666666666666679e+01
1.296666666666666679e+01
1.296666666666666679e+01
1.296666666666666679e+01
1.293333333333333357e+01
1.290000000000000036e+01
1.290000000000000036e+01
1.290000000000000036e+01
1.290000000000000036e+01
1.290000000000000036e+01
1.290000000000000036e+01
1.290000000000000036e+01
1.290000000000000036e+01
1.290000000000000036e+01
1.290000000000000036e+01
1.290000000000000036e+01
1.290000000000000036e+01
1.290000000000000036e+01
1.290000000000000036e+01
1.290000000000000036e+01
1.290000000000000036e+01
1.290000000000000036e+01
1.290000000000000036e+01
1.290000000000000036e+01
1.290000000000000036e+01
1.290000000000000036e+01
1.290000000000000036e+01
1.290000000000000036e+01
1.290000000000000036e+01
1.290000000000000036e+01
1.290000000000000036e+01
1.290000000000000036e+01
1.290000000000000036e+01
1.290000000000000036e+01
1.290000000000000036e+01
1.290000000000000036e+01
1.290000000000000036e+01
1.290000000000000036e+01
1.290000000000000036e+01
1.290000000000000036e+01
1.290000000000000036e+01
1.286666666666666714e+01
1.283333333333333393e+01
1.280000000000000071e+01
1.280000000000000071e+01
1.280000000000000071e+01
1.280000000000000071e+01
1.276666666666666750e+01
1.276666666666666750e+01
1.276666666666666750e+01
1.276666666666666750e+01
1.276666666666666750e+01
1.276666666666666750e+01
1.276666666666666750e+01
1.276666666666666750e+01
1.276666666666666750e+01
1.276666666666666750e+01
1.276666666666666750e+01
1.276666666666666750e+01
1.276666666666666750e+01
1.273333333333333250e+01
1.269999999999999929e+01
1.263333333333333286e+01
1.250000000000000000e+01
1.246666666666666679e+01
1.243333333333333357e+01
1.240000000000000036e+01
1.240000000000000036e+01
1.240000000000000036e+01
1.240000000000000036e+01
1.240000000000000036e+01
1.240000000000000036e+01
1.240000000000000036e+01
1.240000000000000036e+01
1.240000000000000036e+01
1.240000000000000036e+01
1.240000000000000036e+01
1.240000000000000036e+01
1.240000000000000036e+01
1.240000000000000036e+01
1.240000000000000036e+01
1.240000000000000036e+01
1.240000000000000036e+01
1.240000000000000036e+01
1.240000000000000036e+01
1.240000000000000036e+01
1.240000000000000036e+01
1.240000000000000036e+01
1.240000000000000036e+01
1.240000000000000036e+01
1.233333333333333393e+01
1.233333333333333393e+01
1.230000000000000071e+01
1.230000000000000071e+01
1.230000000000000071e+01
1.230000000000000071e+01
1.230000000000000071e+01
1.230000000000000071e+01
1.230000000000000071e+01
1.226666666666666750e+01
1.226666666666666750e+01
1.223333333333333250e+01
1.219999999999999929e+01
1.219999999999999929e+01
1.219999999999999929e+01
1.216666666666666607e+01
1.213333333333333286e+01
1.213333333333333286e+01
1.209999999999999964e+01
1.203333333333333321e+01
1.203333333333333321e+01
1.203333333333333321e+01
1.203333333333333321e+01
1.203333333333333321e+01
1.203333333333333321e+01
1.203333333333333321e+01
1.203333333333333321e+01
1.200000000000000000e+01
1.200000000000000000e+01
1.200000000000000000e+01
1.200000000000000000e+01
1.200000000000000000e+01
1.200000000000000000e+01
1.200000000000000000e+01
1.200000000000000000e+01
1.193333333333333357e+01
1.190000000000000036e+01
1.186666666666666714e+01
1.183333333333333393e+01
1.183333333333333393e+01
1.183333333333333393e+01
1.183333333333333393e+01
1.183333333333333393e+01
1.183333333333333393e+01
1.180000000000000071e+01
1.176666666666666750e+01
1.176666666666666750e+01
1.169999999999999929e+01
1.166666666666666607e+01
1.163333333333333286e+01
1.163333333333333286e+01
1.163333333333333286e+01
1.163333333333333286e+01
1.163333333333333286e+01
1.163333333333333286e+01
1.163333333333333286e+01
1.163333333333333286e+01
1.159999999999999964e+01
1.156666666666666643e+01
1.156666666666666643e+01
1.156666666666666643e+01
1.156666666666666643e+01
1.156666666666666643e+01
1.153333333333333321e+01
1.153333333333333321e+01
1.153333333333333321e+01
1.150000000000000000e+01
1.150000000000000000e+01
1.150000000000000000e+01
1.150000000000000000e+01
1.150000000000000000e+01
1.150000000000000000e+01
1.150000000000000000e+01
1.150000000000000000e+01
1.150000000000000000e+01
1.150000000000000000e+01
1.150000000000000000e+01
1.150000000000000000e+01
1.150000000000000000e+01
1.150000000000000000e+01
1.150000000000000000e+01
1.150000000000000000e+01
1.150000000000000000e+01
1.150000000000000000e+01
1.150000000000000000e+01
1.150000000000000000e+01
1.150000000000000000e+01
1.150000000000000000e+01
1.150000000000000000e+01
1.150000000000000000e+01
1.146666666666666679e+01
1.146666666666666679e+01
1.146666666666666679e+01
1.143333333333333357e+01
1.143333333333333357e+01
1.136666666666666714e+01
1.136666666666666714e+01
1.136666666666666714e+01
1.136666666666666714e+01
1.136666666666666714e+01
1.136666666666666714e+01
1.136666666666666714e+01
1.136666666666666714e+01
1.136666666666666714e+01
1.136666666666666714e+01
1.136666666666666714e+01
1.136666666666666714e+01
1.136666666666666714e+01
1.136666666666666714e+01
1.136666666666666714e+01
1.136666666666666714e+01
1.136666666666666714e+01
1.136666666666666714e+01
1.136666666666666714e+01
1.136666666666666714e+01
1.136666666666666714e+01
1.136666666666666714e+01
1.136666666666666714e+01
1.136666666666666714e+01
1.136666666666666714e+01
1.136666666666666714e+01
1.136666666666666714e+01
1.136666666666666714e+01
1.136666666666666714e+01
1.136666666666666714e+01
1.136666666666666714e+01
1.136666666666666714e+01
1.136666666666666714e+01
1.136666666666666714e+01
1.136666666666666714e+01
1.136666666666666714e+01
1.136666666666666714e+01
1.136666666666666714e+01
1.136666666666666714e+01
1.136666666666666714e+01
1.136666666666666714e+01
1.136666666666666714e+01
1.136666666666666714e+01
1.136666666666666714e+01
1.136666666666666714e+01
1.136666666666666714e+01
1.136666666666666714e+01
1.136666666666666714e+01
1.136666666666666714e+01
1.136666666666666714e+01
1.136666666666666714e+01
1.136666666666666714e+01
1.136666666666666714e+01
1.136666666666666714e+01
1.133333333333333393e+01
1.130000000000000071e+01
1.130000000000000071e+01
1.130000000000000071e+01
1.130000000000000071e+01
1.130000000000000071e+01
1.130000000000000071e+01
1.130000000000000071e+01
1.130000000000000071e+01
1.126666666666666750e+01
1.126666666666666750e+01
1.126666666666666750e+01
1.126666666666666750e+01
1.126666666666666750e+01
1.126666666666666750e+01
1.126666666666666750e+01
1.126666666666666750e+01
1.126666666666666750e+01
1.126666666666666750e+01
1.126666666666666750e+01
1.126666666666666750e+01
1.126666666666666750e+01
1.126666666666666750e+01
1.126666666666666750e+01
1.126666666666666750e+01
1.126666666666666750e+01
1.126666666666666750e+01
1.126666666666666750e+01
1.126666666666666750e+01
1.126666666666666750e+01
1.126666666666666750e+01
1.126666666666666750e+01
1.126666666666666750e+01
1.126666666666666750e+01
1.126666666666666750e+01
1.126666666666666750e+01
1.126666666666666750e+01
1.126666666666666750e+01
1.126666666666666750e+01
1.126666666666666750e+01
1.126666666666666750e+01
1.126666666666666750e+01
1.126666666666666750e+01
1.126666666666666750e+01
1.126666666666666750e+01
1.126666666666666750e+01
1.126666666666666750e+01
1.126666666666666750e+01
1.126666666666666750e+01
1.126666666666666750e+01
1.126666666666666750e+01
1.123333333333333250e+01
1.119999999999999929e+01
1.116666666666666607e+01
1.116666666666666607e+01
1.116666666666666607e+01
1.116666666666666607e+01
1.116666666666666607e+01
1.116666666666666607e+01
1.116666666666666607e+01
1.116666666666666607e+01
1.116666666666666607e+01
1.116666666666666607e+01
1.116666666666666607e+01
1.116666666666666607e+01
1.116666666666666607e+01
1.116666666666666607e+01
1.116666666666666607e+01
1.116666666666666607e+01
1.116666666666666607e+01
1.116666666666666607e+01
1.116666666666666607e+01
1.116666666666666607e+01
1.116666666666666607e+01
1.116666666666666607e+01
1.116666666666666607e+01
1.116666666666666607e+01
1.116666666666666607e+01
1.116666666666666607e+01
1.116666666666666607e+01
1.116666666666666607e+01
1.116666666666666607e+01
1.116666666666666607e+01
1.116666666666666607e+01
1.116666666666666607e+01
1.116666666666666607e+01
1.116666666666666607e+01
1.116666666666666607e+01
1.116666666666666607e+01
1.116666666666666607e+01
1.116666666666666607e+01
1.116666666666666607e+01
1.116666666666666607e+01
1.116666666666666607e+01
1.116666666666666607e+01
1.116666666666666607e+01
1.116666666666666607e+01
1.116666666666666607e+01
1.116666666666666607e+01
1.116666666666666607e+01
1.116666666666666607e+01
1.116666666666666607e+01
1.116666666666666607e+01
1.116666666666666607e+01
1.116666666666666607e+01
1.116666666666666607e+01
1.116666666666666607e+01
1.116666666666666607e+01
1.116666666666666607e+01
1.116666666666666607e+01
1.116666666666666607e+01
1.116666666666666607e+01
1.116666666666666607e+01
1.116666666666666607e+01
1.116666666666666607e+01
1.116666666666666607e+01
1.116666666666666607e+01
1.116666666666666607e+01
1.116666666666666607e+01
1.116666666666666607e+01
1.116666666666666607e+01
1.116666666666666607e+01
1.116666666666666607e+01
1.116666666666666607e+01
1.116666666666666607e+01
1.116666666666666607e+01
1.116666666666666607e+01
1.116666666666666607e+01
1.116666666666666607e+01
1.116666666666666607e+01
1.116666666666666607e+01
1.116666666666666607e+01
1.116666666666666607e+01
1.116666666666666607e+01
1.116666666666666607e+01
1.116666666666666607e+01
1.116666666666666607e+01
1.116666666666666607e+01
1.116666666666666607e+01
1.116666666666666607e+01
1.116666666666666607e+01
1.116666666666666607e+01
1.116666666666666607e+01
1.109999999999999964e+01
1.103333333333333321e+01
1.103333333333333321e+01
1.103333333333333321e+01
1.103333333333333321e+01
1.103333333333333321e+01
1.103333333333333321e+01
1.103333333333333321e+01
1.103333333333333321e+01
1.103333333333333321e+01
1.103333333333333321e+01
1.103333333333333321e+01
1.103333333333333321e+01
1.103333333333333321e+01
1.103333333333333321e+01
1.103333333333333321e+01
1.100000000000000000e+01
1.100000000000000000e+01
1.100000000000000000e+01
1.100000000000000000e+01
1.100000000000000000e+01
1.100000000000000000e+01
1.100000000000000000e+01
1.100000000000000000e+01
1.100000000000000000e+01
1.100000000000000000e+01
1.100000000000000000e+01
1.100000000000000000e+01
1.100000000000000000e+01
1.100000000000000000e+01
1.100000000000000000e+01
1.100000000000000000e+01
1.100000000000000000e+01
1.100000000000000000e+01
1.100000000000000000e+01
1.100000000000000000e+01
1.100000000000000000e+01
1.100000000000000000e+01
1.100000000000000000e+01
1.100000000000000000e+01
1.100000000000000000e+01
1.100000000000000000e+01
1.100000000000000000e+01
1.100000000000000000e+01
1.100000000000000000e+01
1.100000000000000000e+01
1.100000000000000000e+01
1.100000000000000000e+01
1.100000000000000000e+01
1.100000000000000000e+01
1.100000000000000000e+01
1.100000000000000000e+01
1.100000000000000000e+01
1.100000000000000000e+01
1.100000000000000000e+01
1.100000000000000000e+01
1.096666666666666679e+01
1.096666666666666679e+01
1.096666666666666679e+01
1.096666666666666679e+01
1.096666666666666679e+01
1.096666666666666679e+01
1.096666666666666679e+01
1.096666666666666679e+01
1.096666666666666679e+01
1.096666666666666679e+01
1.096666666666666679e+01
1.096666666666666679e+01
1.096666666666666679e+01
1.096666666666666679e+01
1.096666666666666679e+01
1.096666666666666679e+01
1.096666666666666679e+01
1.096666666666666679e+01
1.096666666666666679e+01
1.096666666666666679e+01
1.096666666666666679e+01
1.096666666666666679e+01
1.096666666666666679e+01
1.096666666666666679e+01
1.096666666666666679e+01
1.096666666666666679e+01
1.096666666666666679e+01
1.096666666666666679e+01
1.096666666666666679e+01
1.096666666666666679e+01
1.096666666666666679e+01
1.096666666666666679e+01
1.096666666666666679e+01
1.096666666666666679e+01
1.096666666666666679e+01
1.096666666666666679e+01
1.096666666666666679e+01
1.096666666666666679e+01
1.096666666666666679e+01
1.096666666666666679e+01
1.096666666666666679e+01
1.096666666666666679e+01
1.096666666666666679e+01
1.096666666666666679e+01
1.096666666666666679e+01
1.096666666666666679e+01
1.096666666666666679e+01
1.096666666666666679e+01
1.093333333333333357e+01
1.090000000000000036e+01
1.086666666666666714e+01
1.086666666666666714e+01
1.086666666666666714e+01
1.086666666666666714e+01
1.086666666666666714e+01
1.086666666666666714e+01
1.086666666666666714e+01
1.086666666666666714e+01
1.086666666666666714e+01
1.086666666666666714e+01
1.086666666666666714e+01
1.086666666666666714e+01
1.086666666666666714e+01
1.086666666666666714e+01
1.086666666666666714e+01
1.076666666666666750e+01
1.076666666666666750e+01
1.076666666666666750e+01
1.076666666666666750e+01
1.076666666666666750e+01
1.076666666666666750e+01
1.076666666666666750e+01
1.076666666666666750e+01
1.076666666666666750e+01
1.073333333333333250e+01
1.073333333333333250e+01
1.073333333333333250e+01
1.073333333333333250e+01
1.073333333333333250e+01
1.073333333333333250e+01
1.073333333333333250e+01
1.073333333333333250e+01
1.073333333333333250e+01
1.073333333333333250e+01
1.073333333333333250e+01
1.073333333333333250e+01
1.073333333333333250e+01
1.073333333333333250e+01
1.073333333333333250e+01
1.073333333333333250e+01
1.073333333333333250e+01
1.073333333333333250e+01
1.073333333333333250e+01
1.073333333333333250e+01
1.073333333333333250e+01
1.073333333333333250e+01
1.073333333333333250e+01
1.073333333333333250e+01
1.073333333333333250e+01
1.073333333333333250e+01
1.073333333333333250e+01
1.073333333333333250e+01
1.073333333333333250e+01
1.073333333333333250e+01
1.073333333333333250e+01
1.073333333333333250e+01
1.073333333333333250e+01
1.073333333333333250e+01
1.073333333333333250e+01
1.073333333333333250e+01
1.073333333333333250e+01
1.073333333333333250e+01
1.073333333333333250e+01
1.073333333333333250e+01
1.073333333333333250e+01
1.073333333333333250e+01
1.073333333333333250e+01
1.066666666666666607e+01
1.066666666666666607e+01
1.066666666666666607e+01
1.066666666666666607e+01
1.066666666666666607e+01
1.066666666666666607e+01
1.066666666666666607e+01
1.066666666666666607e+01
1.066666666666666607e+01
1.066666666666666607e+01
1.066666666666666607e+01
1.066666666666666607e+01
1.066666666666666607e+01
1.066666666666666607e+01
1.066666666666666607e+01
1.066666666666666607e+01
1.066666666666666607e+01
1.066666666666666607e+01
1.066666666666666607e+01
1.066666666666666607e+01
1.066666666666666607e+01
1.066666666666666607e+01
1.066666666666666607e+01
1.066666666666666607e+01
1.066666666666666607e+01
1.066666666666666607e+01
1.066666666666666607e+01
1.066666666666666607e+01
1.066666666666666607e+01
1.066666666666666607e+01
1.063333333333333286e+01
1.063333333333333286e+01
1.063333333333333286e+01
1.063333333333333286e+01
1.063333333333333286e+01
1.063333333333333286e+01
1.063333333333333286e+01
1.059999999999999964e+01
1.059999999999999964e+01
1.059999999999999964e+01
1.059999999999999964e+01
1.059999999999999964e+01
1.059999999999999964e+01
1.059999999999999964e+01
1.059999999999999964e+01
1.059999999999999964e+01
1.059999999999999964e+01
1.059999999999999964e+01
1.059999999999999964e+01
1.059999999999999964e+01
1.059999999999999964e+01
1.059999999999999964e+01
1.059999999999999964e+01
1.059999999999999964e+01
1.059999999999999964e+01
1.059999999999999964e+01
1.059999999999999964e+01
1.059999999999999964e+01
1.059999999999999964e+01
1.059999999999999964e+01
1.059999999999999964e+01
1.059999999999999964e+01
1.059999999999999964e+01
1.059999999999999964e+01
1.059999999999999964e+01
1.059999999999999964e+01
1.059999999999999964e+01
1.059999999999999964e+01
1.059999999999999964e+01
1.059999999999999964e+01
1.059999999999999964e+01
1.059999999999999964e+01
1.059999999999999964e+01
1.059999999999999964e+01
1.059999999999999964e+01
1.059999999999999964e+01
1.059999999999999964e+01
1.059999999999999964e+01
1.059999999999999964e+01
1.059999999999999964e+01
1.059999999999999964e+01
1.059999999999999964e+01
1.059999999999999964e+01
1.059999999999999964e+01
1.059999999999999964e+01
1.059999999999999964e+01
1.059999999999999964e+01
1.059999999999999964e+01
1.059999999999999964e+01
1.059999999999999964e+01
1.059999999999999964e+01
1.059999999999999964e+01
1.059999999999999964e+01
1.059999999999999964e+01
1.059999999999999964e+01
1.059999999999999964e+01
1.059999999999999964e+01
1.059999999999999964e+01
1.059999999999999964e+01
1.059999999999999964e+01
1.059999999999999964e+01
1.059999999999999964e+01
1.059999999999999964e+01
1.059999999999999964e+01
1.059999999999999964e+01
1.059999999999999964e+01
1.059999999999999964e+01
1.059999999999999964e+01
1.059999999999999964e+01
1.059999999999999964e+01
1.059999999999999964e+01
1.059999999999999964e+01
1.059999999999999964e+01
1.059999999999999964e+01
1.059999999999999964e+01
1.059999999999999964e+01
1.059999999999999964e+01
1.059999999999999964e+01
1.059999999999999964e+01
1.059999999999999964e+01
1.059999999999999964e+01
1.059999999999999964e+01
1.059999999999999964e+01
1.059999999999999964e+01
1.059999999999999964e+01
1.059999999999999964e+01
1.059999999999999964e+01
1.059999999999999964e+01
1.059999999999999964e+01
1.059999999999999964e+01
1.059999999999999964e+01
1.059999999999999964e+01
1.059999999999999964e+01
1.059999999999999964e+01
1.059999999999999964e+01
1.059999999999999964e+01
1.059999999999999964e+01
1.059999999999999964e+01
1.059999999999999964e+01
1.059999999999999964e+01
1.059999999999999964e+01
1.059999999999999964e+01
1.059999999999999964e+01
1.059999999999999964e+01
1.059999999999999964e+01
1.059999999999999964e+01
1.059999999999999964e+01
1.059999999999999964e+01
1.059999999999999964e+01
1.059999999999999964e+01
1.059999999999999964e+01
1.059999999999999964e+01
1.059999999999999964e+01
1.059999999999999964e+01
1.059999999999999964e+01
1.059999999999999964e+01
1.059999999999999964e+01
1.059999999999999964e+01
1.059999999999999964e+01
1.059999999999999964e+01
1.059999999999999964e+01
1.059999999999999964e+01
1.059999999999999964e+01
1.059999999999999964e+01
1.059999999999999964e+01
1.059999999999999964e+01
1.059999999999999964e+01
1.059999999999999964e+01
1.059999999999999964e+01
1.059999999999999964e+01
1.059999999999999964e+01
1.059999999999999964e+01
1.056666666666666643e+01
1.056666666666666643e+01
1.053333333333333321e+01
1.050000000000000000e+01
1.046666666666666679e+01
1.043333333333333357e+01
1.043333333333333357e+01
1.043333333333333357e+01
1.043333333333333357e+01
1.043333333333333357e+01
1.043333333333333357e+01
1.043333333333333357e+01
1.043333333333333357e+01
1.043333333333333357e+01
1.043333333333333357e+01
1.043333333333333357e+01
1.043333333333333357e+01
1.043333333333333357e+01
1.043333333333333357e+01
1.043333333333333357e+01
1.043333333333333357e+01
1.043333333333333357e+01
1.043333333333333357e+01
1.043333333333333357e+01
1.043333333333333357e+01
1.043333333333333357e+01
1.043333333333333357e+01
1.043333333333333357e+01
1.043333333333333357e+01
1.043333333333333357e+01
1.043333333333333357e+01
1.043333333333333357e+01
1.043333333333333357e+01
1.043333333333333357e+01
1.043333333333333357e+01
1.043333333333333357e+01
1.043333333333333357e+01
1.043333333333333357e+01
1.043333333333333357e+01
1.043333333333333357e+01
1.043333333333333357e+01
1.043333333333333357e+01
1.043333333333333357e+01
1.043333333333333357e+01
1.043333333333333357e+01
1.043333333333333357e+01
1.043333333333333357e+01
1.043333333333333357e+01
1.043333333333333357e+01
1.043333333333333357e+01
1.043333333333333357e+01
1.043333333333333357e+01
1.043333333333333357e+01
1.043333333333333357e+01
1.043333333333333357e+01
1.043333333333333357e+01
1.043333333333333357e+01
1.043333333333333357e+01
1.043333333333333357e+01
1.043333333333333357e+01
1.043333333333333357e+01
1.043333333333333357e+01
1.043333333333333357e+01
1.043333333333333357e+01
1.043333333333333357e+01
1.043333333333333357e+01
1.043333333333333357e+01
1.043333333333333357e+01
1.043333333333333357e+01
1.043333333333333357e+01
1.043333333333333357e+01
1.043333333333333357e+01
1.043333333333333357e+01
1.043333333333333357e+01
1.043333333333333357e+01
1.043333333333333357e+01
1.043333333333333357e+01
1.043333333333333357e+01
1.043333333333333357e+01
1.043333333333333357e+01
1.043333333333333357e+01
1.043333333333333357e+01
1.043333333333333357e+01
1.043333333333333357e+01
1.043333333333333357e+01
1.043333333333333357e+01
1.043333333333333357e+01
1.043333333333333357e+01
1.043333333333333357e+01
1.043333333333333357e+01
1.043333333333333357e+01
1.043333333333333357e+01
1.043333333333333357e+01
1.043333333333333357e+01
1.043333333333333357e+01
1.043333333333333357e+01
1.043333333333333357e+01
1.043333333333333357e+01
1.043333333333333357e+01
1.043333333333333357e+01
1.043333333333333357e+01
1.043333333333333357e+01
1.043333333333333357e+01
1.043333333333333357e+01
1.040000000000000036e+01
1.040000000000000036e+01
1.040000000000000036e+01
1.040000000000000036e+01
1.040000000000000036e+01
1.040000000000000036e+01
1.040000000000000036e+01
1.040000000000000036e+01
1.040000000000000036e+01
1.040000000000000036e+01
1.040000000000000036e+01
1.040000000000000036e+01
1.040000000000000036e+01
1.040000000000000036e+01
1.040000000000000036e+01
1.040000000000000036e+01
1.040000000000000036e+01
1.040000000000000036e+01
1.040000000000000036e+01
1.040000000000000036e+01
