4.653333333333333144e+01
4.303333333333333144e+01
3.993333333333333002e+01
3.696666666666666856e+01
3.443333333333333002e+01
3.210000000000000142e+01
2.996666666666666501e+01
2.793333333333333357e+01
2.606666666666666643e+01
2.450000000000000000e+01
2.316666666666666785e+01
2.200000000000000000e+01
2.096666666666666501e+01
2.016666666666666785e+01
1.963333333333333286e+01
1.919999999999999929e+01
1.893333333333333357e+01
1.883333333333333215e+01
1.869999999999999929e+01
1.863333333333333286e+01
1.856666666666666643e+01
1.853333333333333499e+01
1.850000000000000000e+01
1.839999999999999858e+01
1.816666666666666785e+01
1.789999999999999858e+01
1.773333333333333428e+01
1.753333333333333499e+01
1.746666666666666501e+01
1.726666666666666572e+01
1.713333333333333286e+01
1.696666666666666501e+01
1.686666666666666714e+01
1.680000000000000071e+01
1.669999999999999929e+01
1.660000000000000142e+01
1.646666666666666501e+01
1.639999999999999858e+01
1.636666666666666714e+01
1.630000000000000071e+01
1.616666666666666785e+01
1.606666666666666643e+01
1.593333333333333357e+01
1.583333333333333393e+01
1.573333333333333250e+01
1.563333333333333286e+01
1.546666666666666679e+01
1.536666666666666714e+01
1.530000000000000071e+01
1.526666666666666750e+01
1.526666666666666750e+01
1.526666666666666750e+01
1.526666666666666750e+01
1.526666666666666750e+01
1.523333333333333250e+01
1.519999999999999929e+01
1.516666666666666607e+01
1.509999999999999964e+01
1.500000000000000000e+01
1.493333333333333357e+01
1.486666666666666714e+01
1.483333333333333393e+01
1.476666666666666750e+01
1.469999999999999929e+01
1.466666666666666607e+01
1.459999999999999964e+01
1.453333333333333321e+01
1.446666666666666679e+01
1.446666666666666679e+01
1.446666666666666679e+01
1.443333333333333357e+01
1.443333333333333357e+01
1.443333333333333357e+01
1.443333333333333357e+01
1.443333333333333357e+01
1.443333333333333357e+01
1.440000000000000036e+01
1.440000000000000036e+01
1.440000000000000036e+01
1.440000000000000036e+01
1.436666666666666714e+01
1.433333333333333393e+01
1.426666666666666750e+01
1.423333333333333250e+01
1.419999999999999929e+01
1.416666666666666607e+01
1.413333333333333286e+01
1.409999999999999964e+01
1.396666666666666679e+01
1.390000000000000036e+01
1.386666666666666714e+01
1.386666666666666714e+01
1.386666666666666714e+01
1.386666666666666714e+01
1.383333333333333393e+01
1.380000000000000071e+01
1.373333333333333250e+01
1.366666666666666607e+01
1.366666666666666607e+01
1.366666666666666607e+01
1.356666666666666643e+01
1.353333333333333321e+01
1.353333333333333321e+01
1.350000000000000000e+01
1.343333333333333357e+01
1.343333333333333357e+01
1.343333333333333357e+01
1.340000000000000036e+01
1.340000000000000036e+01
1.340000000000000036e+01
1.340000000000000036e+01
1.340000000000000036e+01
1.340000000000000036e+01
1.340000000000000036e+01
1.340000000000000036e+01
1.340000000000000036e+01
1.340000000000000036e+01
1.340000000000000036e+01
1.336666666666666714e+01
1.333333333333333393e+01
1.330000000000000071e+01
1.323333333333333250e+01
1.316666666666666607e+01
1.306666666666666643e+01
1.300000000000000000e+01
1.296666666666666679e+01
1.293333333333333357e+01
1.290000000000000036e+01
1.283333333333333393e+01
1.283333333333333393e+01
1.283333333333333393e+01
1.283333333333333393e+01
1.283333333333333393e+01
1.283333333333333393e+01
1.280000000000000071e+01
1.276666666666666750e+01
1.273333333333333250e+01
1.269999999999999929e+01
1.269999999999999929e+01
1.269999999999999929e+01
1.269999999999999929e+01
1.269999999999999929e+01
1.269999999999999929e+01
1.269999999999999929e+01
1.269999999999999929e+01
1.269999999999999929e+01
1.269999999999999929e+01
1.269999999999999929e+01
1.266666666666666607e+01
1.263333333333333286e+01
1.259999999999999964e+01
1.259999999999999964e+01
1.259999999999999964e+01
1.259999999999999964e+01
1.259999999999999964e+01
1.259999999999999964e+01
1.259999999999999964e+01
1.259999999999999964e+01
1.259999999999999964e+01
1.259999999999999964e+01
1.259999999999999964e+01
1.256666666666666643e+01
1.253333333333333321e+01
1.250000000000000000e+01
1.246666666666666679e+01
1.243333333333333357e+01
1.240000000000000036e+01
1.240000000000000036e+01
1.240000000000000036e+01
1.236666666666666714e+01
1.236666666666666714e+01
1.236666666666666714e+01
1.236666666666666714e+01
1.236666666666666714e+01
1.236666666666666714e+01
1.236666666666666714e+01
1.236666666666666714e+01
1.230000000000000071e+01
1.226666666666666750e+01
1.223333333333333250e+01
1.219999999999999929e+01
1.219999999999999929e+01
1.219999999999999929e+01
1.216666666666666607e+01
1.216666666666666607e+01
1.216666666666666607e+01
1.216666666666666607e+01
1.216666666666666607e+01
1.216666666666666607e+01
1.213333333333333286e+01
1.209999999999999964e+01
1.206666666666666643e+01
1.203333333333333321e+01
1.200000000000000000e+01
1.196666666666666679e+01
1.193333333333333357e+01
1.193333333333333357e+01
1.193333333333333357e+01
1.193333333333333357e+01
1.193333333333333357e+01
1.193333333333333357e+01
1.190000000000000036e+01
1.186666666666666714e+01
1.186666666666666714e+01
1.186666666666666714e+01
1.186666666666666714e+01
1.186666666666666714e+01
1.186666666666666714e+01
1.186666666666666714e+01
1.186666666666666714e+01
1.186666666666666714e+01
1.186666666666666714e+01
1.186666666666666714e+01
1.186666666666666714e+01
1.186666666666666714e+01
1.186666666666666714e+01
1.186666666666666714e+01
1.186666666666666714e+01
1.186666666666666714e+01
1.186666666666666714e+01
1.186666666666666714e+01
1.186666666666666714e+01
1.186666666666666714e+01
1.186666666666666714e+01
1.186666666666666714e+01
1.186666666666666714e+01
1.186666666666666714e+01
1.186666666666666714e+01
1.186666666666666714e+01
1.186666666666666714e+01
1.183333333333333393e+01
1.183333333333333393e+01
1.183333333333333393e+01
1.176666666666666750e+01
1.173333333333333250e+01
1.173333333333333250e+01
1.173333333333333250e+01
1.173333333333333250e+01
1.173333333333333250e+01
1.173333333333333250e+01
1.173333333333333250e+01
1.173333333333333250e+01
1.173333333333333250e+01
1.173333333333333250e+01
1.169999999999999929e+01
1.169999999999999929e+01
1.169999999999999929e+01
1.169999999999999929e+01
1.169999999999999929e+01
1.169999999999999929e+01
1.169999999999999929e+01
1.166666666666666607e+01
1.166666666666666607e+01
1.166666666666666607e+01
1.166666666666666607e+01
1.166666666666666607e+01
1.166666666666666607e+01
1.166666666666666607e+01
1.166666666666666607e+01
1.166666666666666607e+01
1.166666666666666607e+01
1.166666666666666607e+01
1.166666666666666607e+01
1.166666666666666607e+01
1.166666666666666607e+01
1.166666666666666607e+01
1.166666666666666607e+01
1.163333333333333286e+01
1.159999999999999964e+01
1.159999999999999964e+01
1.159999999999999964e+01
1.159999999999999964e+01
1.159999999999999964e+01
1.159999999999999964e+01
1.159999999999999964e+01
1.159999999999999964e+01
1.159999999999999964e+01
1.159999999999999964e+01
1.159999999999999964e+01
1.159999999999999964e+01
1.159999999999999964e+01
1.159999999999999964e+01
1.156666666666666643e+01
1.153333333333333321e+01
1.150000000000000000e+01
1.150000000000000000e+01
1.150000000000000000e+01
1.150000000000000000e+01
1.150000000000000000e+01
1.150000000000000000e+01
1.150000000000000000e+01
1.150000000000000000e+01
1.150000000000000000e+01
1.150000000000000000e+01
1.150000000000000000e+01
1.150000000000000000e+01
1.150000000000000000e+01
1.150000000000000000e+01
1.150000000000000000e+01
1.150000000000000000e+01
1.150000000000000000e+01
1.150000000000000000e+01
1.150000000000000000e+01
1.150000000000000000e+01
1.150000000000000000e+01
1.150000000000000000e+01
1.146666666666666679e+01
1.140000000000000036e+01
1.136666666666666714e+01
1.133333333333333393e+01
1.133333333333333393e+01
1.133333333333333393e+01
1.133333333333333393e+01
1.133333333333333393e+01
1.133333333333333393e+01
1.133333333333333393e+01
1.133333333333333393e+01
1.133333333333333393e+01
1.133333333333333393e+01
1.133333333333333393e+01
1.133333333333333393e+01
1.133333333333333393e+01
1.133333333333333393e+01
1.130000000000000071e+01
1.126666666666666750e+01
1.126666666666666750e+01
1.126666666666666750e+01
1.126666666666666750e+01
1.126666666666666750e+01
1.126666666666666750e+01
1.126666666666666750e+01
1.126666666666666750e+01
1.126666666666666750e+01
1.126666666666666750e+01
1.126666666666666750e+01
1.126666666666666750e+01
1.126666666666666750e+01
1.126666666666666750e+01
1.126666666666666750e+01
1.126666666666666750e+01
1.126666666666666750e+01
1.126666666666666750e+01
1.126666666666666750e+01
1.126666666666666750e+01
1.126666666666666750e+01
1.126666666666666750e+01
1.123333333333333250e+01
1.123333333333333250e+01
1.123333333333333250e+01
1.123333333333333250e+01
1.123333333333333250e+01
1.123333333333333250e+01
1.123333333333333250e+01
1.123333333333333250e+01
1.123333333333333250e+01
1.123333333333333250e+01
1.123333333333333250e+01
1.123333333333333250e+01
1.123333333333333250e+01
1.123333333333333250e+01
1.123333333333333250e+01
1.123333333333333250e+01
1.116666666666666607e+01
1.116666666666666607e+01
1.116666666666666607e+01
1.116666666666666607e+01
1.116666666666666607e+01
1.116666666666666607e+01
1.116666666666666607e+01
1.116666666666666607e+01
1.116666666666666607e+01
1.116666666666666607e+01
1.116666666666666607e+01
1.116666666666666607e+01
1.116666666666666607e+01
1.116666666666666607e+01
1.116666666666666607e+01
1.116666666666666607e+01
1.116666666666666607e+01
1.116666666666666607e+01
1.116666666666666607e+01
1.116666666666666607e+01
1.116666666666666607e+01
1.116666666666666607e+01
1.116666666666666607e+01
1.116666666666666607e+01
1.116666666666666607e+01
1.113333333333333286e+01
1.113333333333333286e+01
1.113333333333333286e+01
1.113333333333333286e+01
1.113333333333333286e+01
1.113333333333333286e+01
1.113333333333333286e+01
1.113333333333333286e+01
1.113333333333333286e+01
1.113333333333333286e+01
1.113333333333333286e+01
1.113333333333333286e+01
1.113333333333333286e+01
1.113333333333333286e+01
1.113333333333333286e+01
1.113333333333333286e+01
1.113333333333333286e+01
1.113333333333333286e+01
1.113333333333333286e+01
1.113333333333333286e+01
1.113333333333333286e+01
1.113333333333333286e+01
1.113333333333333286e+01
1.113333333333333286e+01
1.113333333333333286e+01
1.113333333333333286e+01
1.113333333333333286e+01
1.113333333333333286e+01
1.113333333333333286e+01
1.113333333333333286e+01
1.113333333333333286e+01
1.113333333333333286e+01
1.113333333333333286e+01
1.113333333333333286e+01
1.113333333333333286e+01
1.113333333333333286e+01
1.113333333333333286e+01
1.113333333333333286e+01
1.113333333333333286e+01
1.113333333333333286e+01
1.113333333333333286e+01
1.113333333333333286e+01
1.113333333333333286e+01
1.109999999999999964e+01
1.106666666666666643e+01
1.100000000000000000e+01
1.100000000000000000e+01
1.100000000000000000e+01
1.100000000000000000e+01
1.100000000000000000e+01
1.100000000000000000e+01
1.100000000000000000e+01
1.100000000000000000e+01
1.100000000000000000e+01
1.100000000000000000e+01
1.100000000000000000e+01
1.100000000000000000e+01
1.100000000000000000e+01
1.100000000000000000e+01
1.100000000000000000e+01
1.100000000000000000e+01
1.100000000000000000e+01
1.100000000000000000e+01
1.100000000000000000e+01
1.100000000000000000e+01
1.100000000000000000e+01
1.100000000000000000e+01
1.100000000000000000e+01
1.100000000000000000e+01
1.100000000000000000e+01
1.100000000000000000e+01
1.096666666666666679e+01
1.096666666666666679e+01
1.096666666666666679e+01
1.096666666666666679e+01
1.096666666666666679e+01
1.096666666666666679e+01
1.093333333333333357e+01
1.090000000000000036e+01
1.090000000000000036e+01
1.090000000000000036e+01
1.090000000000000036e+01
1.090000000000000036e+01
1.090000000000000036e+01
1.090000000000000036e+01
1.090000000000000036e+01
1.090000000000000036e+01
1.090000000000000036e+01
1.090000000000000036e+01
1.090000000000000036e+01
1.090000000000000036e+01
1.090000000000000036e+01
1.090000000000000036e+01
1.090000000000000036e+01
1.090000000000000036e+01
1.090000000000000036e+01
1.090000000000000036e+01
1.090000000000000036e+01
1.090000000000000036e+01
1.090000000000000036e+01
1.090000000000000036e+01
1.090000000000000036e+01
1.090000000000000036e+01
1.090000000000000036e+01
1.090000000000000036e+01
1.090000000000000036e+01
1.090000000000000036e+01
1.090000000000000036e+01
1.090000000000000036e+01
1.090000000000000036e+01
1.090000000000000036e+01
1.090000000000000036e+01
1.090000000000000036e+01
1.090000000000000036e+01
1.090000000000000036e+01
1.090000000000000036e+01
1.090000000000000036e+01
1.090000000000000036e+01
1.090000000000000036e+01
1.090000000000000036e+01
1.090000000000000036e+01
1.090000000000000036e+01
1.086666666666666714e+01
1.086666666666666714e+01
1.086666666666666714e+01
1.086666666666666714e+01
1.086666666666666714e+01
1.086666666666666714e+01
1.086666666666666714e+01
1.086666666666666714e+01
1.086666666666666714e+01
1.086666666666666714e+01
1.086666666666666714e+01
1.086666666666666714e+01
1.086666666666666714e+01
1.086666666666666714e+01
1.086666666666666714e+01
1.086666666666666714e+01
1.086666666666666714e+01
1.083333333333333393e+01
1.083333333333333393e+01
1.083333333333333393e+01
1.083333333333333393e+01
1.083333333333333393e+01
1.083333333333333393e+01
1.083333333333333393e+01
1.083333333333333393e+01
1.083333333333333393e+01
1.083333333333333393e+01
1.083333333333333393e+01
1.083333333333333393e+01
1.083333333333333393e+01
1.083333333333333393e+01
1.083333333333333393e+01
1.083333333333333393e+01
1.083333333333333393e+01
1.083333333333333393e+01
1.083333333333333393e+01
1.083333333333333393e+01
1.083333333333333393e+01
1.083333333333333393e+01
1.083333333333333393e+01
1.083333333333333393e+01
1.083333333333333393e+01
1.083333333333333393e+01
1.083333333333333393e+01
1.083333333333333393e+01
1.083333333333333393e+01
1.083333333333333393e+01
1.083333333333333393e+01
1.083333333333333393e+01
1.083333333333333393e+01
1.083333333333333393e+01
1.083333333333333393e+01
1.083333333333333393e+01
1.083333333333333393e+01
1.083333333333333393e+01
1.083333333333333393e+01
1.083333333333333393e+01
1.083333333333333393e+01
1.083333333333333393e+01
1.083333333333333393e+01
1.083333333333333393e+01
1.083333333333333393e+01
1.083333333333333393e+01
1.083333333333333393e+01
1.083333333333333393e+01
1.083333333333333393e+01
1.083333333333333393e+01
1.083333333333333393e+01
1.083333333333333393e+01
1.083333333333333393e+01
1.080000000000000071e+01
1.080000000000000071e+01
1.080000000000000071e+01
1.080000000000000071e+01
1.080000000000000071e+01
1.080000000000000071e+01
1.080000000000000071e+01
1.080000000000000071e+01
1.080000000000000071e+01
1.080000000000000071e+01
1.080000000000000071e+01
1.080000000000000071e+01
1.080000000000000071e+01
1.080000000000000071e+01
1.080000000000000071e+01
1.080000000000000071e+01
1.080000000000000071e+01
1.080000000000000071e+01
1.080000000000000071e+01
1.080000000000000071e+01
1.080000000000000071e+01
1.080000000000000071e+01
1.080000000000000071e+01
1.080000000000000071e+01
1.080000000000000071e+01
1.080000000000000071e+01
1.080000000000000071e+01
1.080000000000000071e+01
1.080000000000000071e+01
1.080000000000000071e+01
1.080000000000000071e+01
1.080000000000000071e+01
1.080000000000000071e+01
1.073333333333333250e+01
1.073333333333333250e+01
1.073333333333333250e+01
1.073333333333333250e+01
1.073333333333333250e+01
1.073333333333333250e+01
1.073333333333333250e+01
1.073333333333333250e+01
1.073333333333333250e+01
1.073333333333333250e+01
1.073333333333333250e+01
1.073333333333333250e+01
1.073333333333333250e+01
1.073333333333333250e+01
1.073333333333333250e+01
1.073333333333333250e+01
1.073333333333333250e+01
1.073333333333333250e+01
1.073333333333333250e+01
1.073333333333333250e+01
1.073333333333333250e+01
1.073333333333333250e+01
1.073333333333333250e+01
1.073333333333333250e+01
1.069999999999999929e+01
1.066666666666666607e+01
1.063333333333333286e+01
1.063333333333333286e+01
1.063333333333333286e+01
1.063333333333333286e+01
1.063333333333333286e+01
1.063333333333333286e+01
1.063333333333333286e+01
1.063333333333333286e+01
1.063333333333333286e+01
1.063333333333333286e+01
1.063333333333333286e+01
1.063333333333333286e+01
1.063333333333333286e+01
1.063333333333333286e+01
1.063333333333333286e+01
1.063333333333333286e+01
1.063333333333333286e+01
1.063333333333333286e+01
1.063333333333333286e+01
1.063333333333333286e+01
1.063333333333333286e+01
1.063333333333333286e+01
1.063333333333333286e+01
1.063333333333333286e+01
1.063333333333333286e+01
1.063333333333333286e+01
1.063333333333333286e+01
1.063333333333333286e+01
1.063333333333333286e+01
1.063333333333333286e+01
1.063333333333333286e+01
1.063333333333333286e+01
1.063333333333333286e+01
1.063333333333333286e+01
1.063333333333333286e+01
1.063333333333333286e+01
1.063333333333333286e+01
1.063333333333333286e+01
1.063333333333333286e+01
1.063333333333333286e+01
1.063333333333333286e+01
1.063333333333333286e+01
1.063333333333333286e+01
1.063333333333333286e+01
1.063333333333333286e+01
1.063333333333333286e+01
1.063333333333333286e+01
1.059999999999999964e+01
1.059999999999999964e+01
1.059999999999999964e+01
1.059999999999999964e+01
1.059999999999999964e+01
1.059999999999999964e+01
1.059999999999999964e+01
1.059999999999999964e+01
1.059999999999999964e+01
1.059999999999999964e+01
1.059999999999999964e+01
1.059999999999999964e+01
1.059999999999999964e+01
1.059999999999999964e+01
1.059999999999999964e+01
1.059999999999999964e+01
1.059999999999999964e+01
1.059999999999999964e+01
1.059999999999999964e+01
1.059999999999999964e+01
1.059999999999999964e+01
1.059999999999999964e+01
1.059999999999999964e+01
1.059999999999999964e+01
1.059999999999999964e+01
1.059999999999999964e+01
1.059999999999999964e+01
1.059999999999999964e+01
1.059999999999999964e+01
1.059999999999999964e+01
1.059999999999999964e+01
1.059999999999999964e+01
1.059999999999999964e+01
1.059999999999999964e+01
1.059999999999999964e+01
1.059999999999999964e+01
1.059999999999999964e+01
1.059999999999999964e+01
1.059999999999999964e+01
1.059999999999999964e+01
1.059999999999999964e+01
1.059999999999999964e+01
1.056666666666666643e+01
1.056666666666666643e+01
1.056666666666666643e+01
1.056666666666666643e+01
1.056666666666666643e+01
1.056666666666666643e+01
1.056666666666666643e+01
1.056666666666666643e+01
1.056666666666666643e+01
1.056666666666666643e+01
1.056666666666666643e+01
1.056666666666666643e+01
1.056666666666666643e+01
1.056666666666666643e+01
1.056666666666666643e+01
1.056666666666666643e+01
1.056666666666666643e+01
1.056666666666666643e+01
1.056666666666666643e+01
1.056666666666666643e+01
1.053333333333333321e+01
1.053333333333333321e+01
1.053333333333333321e+01
1.053333333333333321e+01
1.053333333333333321e+01
1.053333333333333321e+01
1.053333333333333321e+01
1.053333333333333321e+01
1.053333333333333321e+01
1.053333333333333321e+01
1.053333333333333321e+01
1.053333333333333321e+01
1.053333333333333321e+01
1.053333333333333321e+01
1.053333333333333321e+01
1.053333333333333321e+01
1.053333333333333321e+01
1.053333333333333321e+01
1.053333333333333321e+01
1.053333333333333321e+01
1.053333333333333321e+01
1.053333333333333321e+01
1.053333333333333321e+01
1.053333333333333321e+01
1.053333333333333321e+01
1.053333333333333321e+01
1.053333333333333321e+01
1.053333333333333321e+01
1.053333333333333321e+01
1.053333333333333321e+01
1.050000000000000000e+01
1.046666666666666679e+01
1.046666666666666679e+01
1.046666666666666679e+01
1.046666666666666679e+01
1.046666666666666679e+01
1.046666666666666679e+01
1.046666666666666679e+01
1.046666666666666679e+01
1.046666666666666679e+01
1.046666666666666679e+01
1.046666666666666679e+01
1.046666666666666679e+01
1.046666666666666679e+01
1.046666666666666679e+01
1.046666666666666679e+01
1.046666666666666679e+01
1.043333333333333357e+01
1.043333333333333357e+01
1.043333333333333357e+01
1.043333333333333357e+01
1.043333333333333357e+01
1.043333333333333357e+01
1.043333333333333357e+01
1.043333333333333357e+01
1.043333333333333357e+01
1.043333333333333357e+01
1.043333333333333357e+01
1.043333333333333357e+01
1.043333333333333357e+01
1.043333333333333357e+01
1.043333333333333357e+01
1.043333333333333357e+01
1.043333333333333357e+01
1.043333333333333357e+01
1.043333333333333357e+01
1.043333333333333357e+01
1.043333333333333357e+01
1.043333333333333357e+01
1.043333333333333357e+01
1.043333333333333357e+01
1.043333333333333357e+01
1.043333333333333357e+01
1.040000000000000036e+01
1.040000000000000036e+01
1.040000000000000036e+01
1.040000000000000036e+01
1.040000000000000036e+01
1.040000000000000036e+01
1.040000000000000036e+01
1.040000000000000036e+01
1.040000000000000036e+01
1.040000000000000036e+01
1.040000000000000036e+01
1.040000000000000036e+01
1.040000000000000036e+01
1.040000000000000036e+01
1.040000000000000036e+01
1.040000000000000036e+01
1.040000000000000036e+01
1.040000000000000036e+01
1.040000000000000036e+01
1.040000000000000036e+01
1.040000000000000036e+01
1.040000000000000036e+01
1.040000000000000036e+01
1.036666666666666714e+01
1.036666666666666714e+01
1.036666666666666714e+01
1.036666666666666714e+01
1.036666666666666714e+01
1.036666666666666714e+01
1.036666666666666714e+01
1.036666666666666714e+01
1.036666666666666714e+01
1.036666666666666714e+01
1.036666666666666714e+01
1.036666666666666714e+01
1.036666666666666714e+01
1.036666666666666714e+01
1.036666666666666714e+01
1.036666666666666714e+01
1.036666666666666714e+01
1.036666666666666714e+01
1.036666666666666714e+01
1.036666666666666714e+01
1.036666666666666714e+01
1.036666666666666714e+01
1.036666666666666714e+01
1.036666666666666714e+01
1.036666666666666714e+01
1.036666666666666714e+01
1.036666666666666714e+01
1.036666666666666714e+01
1.036666666666666714e+01
1.036666666666666714e+01
1.036666666666666714e+01
1.036666666666666714e+01
1.036666666666666714e+01
1.036666666666666714e+01
1.036666666666666714e+01
1.036666666666666714e+01
1.036666666666666714e+01
1.036666666666666714e+01
1.036666666666666714e+01
1.036666666666666714e+01
1.036666666666666714e+01
1.036666666666666714e+01
1.036666666666666714e+01
1.036666666666666714e+01
1.033333333333333393e+01
1.033333333333333393e+01
1.033333333333333393e+01
1.033333333333333393e+01
1.033333333333333393e+01
1.033333333333333393e+01
1.033333333333333393e+01
1.033333333333333393e+01
1.033333333333333393e+01
1.033333333333333393e+01
1.026666666666666750e+01
1.026666666666666750e+01
1.026666666666666750e+01
1.026666666666666750e+01
1.026666666666666750e+01
1.026666666666666750e+01
1.026666666666666750e+01
1.026666666666666750e+01
1.026666666666666750e+01
1.026666666666666750e+01
1.026666666666666750e+01
1.026666666666666750e+01
1.026666666666666750e+01
1.026666666666666750e+01
1.026666666666666750e+01
1.026666666666666750e+01
1.026666666666666750e+01
1.026666666666666750e+01
1.026666666666666750e+01
1.026666666666666750e+01
1.026666666666666750e+01
1.026666666666666750e+01
1.026666666666666750e+01
1.026666666666666750e+01
1.026666666666666750e+01
1.026666666666666750e+01
1.026666666666666750e+01
1.026666666666666750e+01
1.026666666666666750e+01
1.026666666666666750e+01
1.026666666666666750e+01
1.026666666666666750e+01
1.026666666666666750e+01
1.026666666666666750e+01
1.026666666666666750e+01
1.026666666666666750e+01
1.026666666666666750e+01
1.026666666666666750e+01
1.026666666666666750e+01
1.026666666666666750e+01
1.026666666666666750e+01
1.026666666666666750e+01
1.026666666666666750e+01
1.026666666666666750e+01
1.026666666666666750e+01
1.026666666666666750e+01
1.026666666666666750e+01
1.026666666666666750e+01
1.026666666666666750e+01
1.026666666666666750e+01
1.026666666666666750e+01
1.026666666666666750e+01
1.026666666666666750e+01
1.026666666666666750e+01
1.026666666666666750e+01
1.026666666666666750e+01
1.026666666666666750e+01
1.026666666666666750e+01
1.026666666666666750e+01
1.026666666666666750e+01
1.026666666666666750e+01
1.026666666666666750e+01
1.026666666666666750e+01
1.026666666666666750e+01
1.026666666666666750e+01
1.026666666666666750e+01
1.026666666666666750e+01
1.026666666666666750e+01
1.026666666666666750e+01
1.026666666666666750e+01
1.026666666666666750e+01
1.026666666666666750e+01
1.026666666666666750e+01
1.026666666666666750e+01
1.026666666666666750e+01
1.026666666666666750e+01
1.026666666666666750e+01
1.026666666666666750e+01
1.026666666666666750e+01
1.026666666666666750e+01
1.026666666666666750e+01
1.026666666666666750e+01
1.026666666666666750e+01
1.026666666666666750e+01
1.026666666666666750e+01
1.026666666666666750e+01
1.026666666666666750e+01
1.026666666666666750e+01
1.026666666666666750e+01
1.026666666666666750e+01
1.026666666666666750e+01
1.026666666666666750e+01
1.026666666666666750e+01
1.026666666666666750e+01
1.026666666666666750e+01
1.026666666666666750e+01
1.026666666666666750e+01
1.026666666666666750e+01
1.026666666666666750e+01
1.026666666666666750e+01
1.026666666666666750e+01
1.026666666666666750e+01
1.026666666666666750e+01
